id	predicted score	array	query1	query2	query1_score	query2_score	array_score	query1_array_score	query2_array_score	query1_query2_score
0	1.0522819200009108	YDR210W	YOL031C	YPR030W	1.0168	0.998	1.0392	1.0270000000000001	1.0242	0.8539
2206	1.0520724197775126	YDR141C	YLR013W	YML029W	1.0155	0.9947	1.041	1.0214	1.0249	0.8540000000000001
2207	1.0519920446425677	YGL117W	YJL203W	YBR208C	1.0143	0.9975	1.0413	1.0216	1.0133	0.8568
2208	1.0519720946699382	YFL010C	YER147C	YHR146W	1.0112	0.9965	1.0395	1.0241	1.0239	0.8552
2209	1.051947119638324	YGL248W	YDR196C	YDL130W-A	1.014	1.0005	1.0362	1.0212	1.0164	0.8579
2210	1.0519379700869322	YDR141C	YMR247C	YPR030W	1.0155	0.9943	1.0392	1.0133	1.0245	0.8599
2211	1.0518253192454576	YHR104W	YIL045W	YCR020C	1.0152	0.9975	1.0395	1.0265	1.0372	0.8563
2212	1.0518085198551417	YLR297W	YDR294C	YFR032C	1.0152	0.998	1.0373	1.0163	1.0174	0.8591
2213	1.0517909453809262	YKL078W	YER147C	YHR146W	1.0125	0.9965	1.0395	1.0034	1.0239	0.8581
2214	1.051740969851613	YJL127C-B	YKR064W	YGR146C	1.0075	0.9963	1.0375	1.0209	1.024	0.8556
2215	1.0517377702891826	YDR141C	YIR007W	YJL016W	1.0155	0.9990000000000001	1.0408	0.9990000000000001	1.0270000000000001	0.856
2216	1.0516942949444057	YAR042W	YDR196C	YLR423C	1.012	1.0005	1.0377	1.0142	1.0306	0.8601
2217	1.0516292202472688	YDR518W	YML112W	YMR162C	1.0105	0.9963	1.0427	1.0044	1.0107	0.861
2218	1.0515987946540115	YGR256W	YJL203W	YOR237W	1.0103	0.9975	1.047	1.0218	1.0203	0.8526
2219	1.0515964452028277	YGR044C	YDR196C	YDL130W-A	1.014	1.0005	1.0362	1.0034	1.0164	0.8532
2220	1.0515890451967718	YDR141C	YMR247C	YJL016W	1.0155	0.9943	1.0408	0.9990000000000001	1.0301	0.8599
2221	1.0515835698395968	YOL083W	YJL203W	YBR208C	1.0087	0.9975	1.0413	1.0139	1.0133	0.8540000000000001
2222	1.0515828948169947	YDR019C	YJL203W	YOR237W	1.0143	0.9975	1.047	1.0271	1.0203	0.8588
2223	1.0515696702599526	YJL091C	YBR125C	YML016C	1.0155	0.9958	1.0368	1.0077	1.0267	0.8541
2224	1.0515519952476025	YMR094W	YOR385W	YIR018W	1.0145	0.9957	1.0452	1.0005	1.0194	0.8573
2225	1.051550719723105	YJL127C-B	YKR064W	YAL030W	1.0075	0.9963	1.0405	1.0196	1.0301	0.8556
2226	1.051548344537616	YDR141C	YLR013W	YPR030W	1.0155	0.9947	1.0392	1.0133	1.0362	0.8540000000000001
2227	1.0515441953539848	YJL091C	YHR202W	YML029W	1.0155	0.9982	1.041	0.9942	1.0267	0.8568
2228	1.0515419951677325	YJL091C	YDR452W	YML016C	1.0155	0.9940000000000001	1.0368	1.0077	1.0117	0.8558
2229	1.051519444450736	YMR119W	YJL203W	YBR208C	1.006	0.9975	1.0413	1.0233	1.0133	0.8523
2230	1.0515022697746752	YDR141C	YIR007W	YGL224C	1.0155	0.9990000000000001	1.0415	0.9995	1.0356	0.856
2231	1.051501695305109	YMR094W	YOR385W	YBR201W	1.0145	0.9957	1.038	0.9935	1.0104	0.8573
2232	1.0515002701878546	YMR094W	YBR218C	YGL224C	1.0145	0.9948	1.0415	0.9942	1.0146	0.8562
2233	1.0514983702898024	YJL091C	YGR206W	YML029W	1.0155	0.9995	1.041	0.9942	1.0108	0.8556
2234	1.0514813950955868	YJL091C	YGR121C	YML016C	1.0155	0.9938	1.0368	1.0077	1.0163	0.853
2235	1.0514793202281	YMR094W	YOR385W	YHR092C	1.0145	0.9957	1.0405	0.9959	1.0288	0.8573
2236	1.0514742201864722	YJL091C	YLR164W	YML029W	1.0155	0.9977	1.041	0.9942	1.0169	0.8537
2237	1.0514602440446617	YJL127C-B	YKR064W	YFR032C	1.0075	0.9963	1.0373	1.0226	1.0417	0.8556
2238	1.0514597698152064	YDR141C	YLR013W	YJL016W	1.0155	0.9947	1.0408	0.9990000000000001	1.035	0.8540000000000001
2239	1.0514581693261862	YDR141C	YIR007W	YPR030W	1.0155	0.9990000000000001	1.0392	1.0133	1.0452	0.856
2240	1.0514417451620102	YJL091C	YLR030W	YML016C	1.0155	0.9968	1.0368	1.0077	1.0283	0.8547
2241	1.0514399951398372	YJL091C	YLR164W	YML016C	1.0155	0.9977	1.0368	1.0077	1.021	0.8537
2242	1.051422320216894	YKL188C	YDR196C	YDL130W-A	1.0192	1.0005	1.0362	0.9896	1.0164	0.8545
2243	1.0514216951429842	YJL091C	YDR247W	YML016C	1.0155	0.9940000000000001	1.0368	1.0077	1.0211	0.8571
2244	1.051420645326376	YPL058C	YER147C	YLL010C	1.0190000000000001	0.9965	1.043	0.9892	1.0189	0.8607
2245	1.0514042452275751	YDR141C	YNL098C	YAL030W	1.0155	0.998	1.0405	0.9940000000000001	1.0294	0.8590000000000001
2246	1.0513825951516629	YJL127C-B	YKR064W	YIR042C	1.0075	0.9963	1.0357	1.0128	1.0265	0.8556
2247	1.051366144746542	YDR141C	YLR013W	YGL224C	1.0155	0.9947	1.0415	0.9995	1.0404	0.8540000000000001
2248	1.0513646200299265	YIL101C	YLL019C	YBR208C	1.0065	0.9965	1.0413	1.0071	1.0145	0.855
2249	1.05136231957376	YBR290W	YDR196C	YLR423C	1.0062	1.0005	1.0377	1.0256	1.0306	0.853
2250	1.051345519140363	YJL127C-B	YKR064W	YCR020C	1.0075	0.9963	1.0395	1.0257	1.0374	0.8556
2251	1.0513442699313162	YMR094W	YBR218C	YOR215C	1.0145	0.9948	1.0445	1.0063	1.0321	0.8562
2252	1.0513243703842163	YBR211C	YOR171C	YMR303C	1.0165	0.9995	1.0382	0.9856	1.015	0.8544
2253	1.0513200701773169	YMR094W	YBR218C	YCL033C	1.0145	0.9948	1.057	1.0101	1.0275	0.8562
2254	1.0513016198575496	YLR297W	YDR294C	YIR042C	1.0152	0.998	1.0357	1.0012	1.0333	0.8591
2255	1.0512983694523572	YJL127C-B	YKR064W	YCR107W	1.0075	0.9963	1.0390000000000001	1.0137	1.033	0.8556
2256	1.0512918954491617	YGR274C	YHL047C	YOR237W	1.016	1.0002	1.047	0.9962	1.0245	0.8608
2257	1.0512918954491617	YGR274C	YBR138C	YOR237W	1.016	0.996	1.047	0.9962	1.024	0.8567
2258	1.0512905688434842	YDR141C	YGR121C	YML029W	1.0155	0.9938	1.041	1.0214	1.0482	0.857
2259	1.0512859700024126	YJL127C-B	YKR064W	YMR206W	1.0075	0.9963	1.043	1.0095	1.0177	0.8556
2260	1.0512752706110478	YDR518W	YML112W	YCR061W	1.0105	0.9963	1.0415	0.9845	1.0248	0.861
2261	1.0512665704190731	YBR211C	YHR057C	YMR303C	1.0165	0.996	1.0382	0.9856	1.0172	0.8577
2262	1.05126521974802	YMR094W	YOR385W	YOR215C	1.0145	0.9957	1.0445	1.0063	1.0393	0.8573
2263	1.0512634954750542	YMR094W	YOR385W	YOR247W	1.0145	0.9957	1.0495	0.9961	1.0239	0.8573
2264	1.0512571446001528	YDR141C	YMR247C	YGL224C	1.0155	0.9943	1.0415	0.9995	1.0451	0.8599
2265	1.0512568204402923	YDR518W	YML112W	YGL224C	1.0105	0.9963	1.0415	0.9856	1.0138	0.861
2266	1.0512394948899746	YDR141C	YMR247C	YAL030W	1.0155	0.9943	1.0405	0.9940000000000001	1.0327	0.8599
2267	1.051231945335865	YJL127C-B	YKR064W	YLR423C	1.0075	0.9963	1.0377	0.9959	1.0241	0.8556
2268	1.0512266696542505	YLR083C	YER147C	YCR019W	1.0095	0.9965	1.0535	1.0215	1.0118	0.8544
2269	1.051224469780922	YMR094W	YBR218C	YNL020C	1.0145	0.9948	1.0435	0.9947	1.0356	0.8562
2270	1.0512111944705251	YJL127C-B	YKR064W	YCL027W	1.0075	0.9963	1.0585	1.0237	1.0175	0.8556
2271	1.0512110702693462	YDR422C	YJL203W	YOR237W	1.0128	0.9975	1.047	1.0015	1.0203	0.8593
2272	1.0512004953324794	YMR094W	YBR218C	YCR019W	1.0145	0.9948	1.0535	0.9908	1.0134	0.8562
2273	1.0511999703347683	YGR274C	YML070W	YOR237W	1.016	0.9962	1.047	0.9962	1.0198	0.8595
2274	1.0511999703347683	YGR274C	YIR038C	YOR237W	1.016	0.9962	1.047	0.9962	1.0191	0.8577
2275	1.0511871194988491	YBR197C	YER147C	YCL002C	1.016	0.9965	1.0495	1.0236	1.0096	0.8588
2276	1.0511813447773457	YJL091C	YLR030W	YML029W	1.0155	0.9968	1.041	0.9942	1.0398	0.8547
2277	1.0511813447773457	YDR141C	YIR007W	YAL030W	1.0155	0.9990000000000001	1.0405	0.9940000000000001	1.0403	0.856
2278	1.0511729444414375	YIL101C	YLL019C	YPR030W	1.0065	0.9965	1.0392	1.015	1.0425	0.855
2279	1.0511707951426503	YMR094W	YOR385W	YDR266C	1.0145	0.9957	1.042	0.9885	1.0096	0.8573
2280	1.0511703954935072	YDR141C	YLR013W	YCR107W	1.0155	0.9947	1.0390000000000001	0.9854	1.0192	0.8540000000000001
2281	1.0511673949807885	YPR015C	YJL203W	YBR208C	1.0157	0.9975	1.0413	1.0277	1.0133	0.8554
2282	1.051164970442653	YMR094W	YOR385W	YGR146C	1.0145	0.9957	1.0375	0.9867	1.0299	0.8573
2283	1.0511577446758746	YDR141C	YGR121C	YJL016W	1.0155	0.9938	1.0408	0.9990000000000001	1.0472	0.857
2284	1.0511517446935177	YHR104W	YIL045W	YLL010C	1.0152	0.9975	1.043	0.9975	1.0473	0.8563
2285	1.051118219912052	YBR211C	YLL026W	YMR315W	1.0165	0.997	1.045	0.9893	1.0337	0.8529
2286	1.0511066695153717	YIL101C	YLL019C	YMR303C	1.0065	0.9965	1.0382	1.0129	1.0399	0.855
2287	1.051095020145178	YBR211C	YOR301W	YMR303C	1.0165	1.0005	1.0382	0.9856	1.0354	0.8563
2288	1.0510814206302166	YJL091C	YDR247W	YLR228C	1.0155	0.9940000000000001	1.04	0.9828	1.0134	0.8571
2289	1.0510713944882155	YPL111W	YJL203W	YOR237W	1.0065	0.9975	1.047	1.0233	1.0203	0.8559
2290	1.0510290206074715	YDR141C	YNL098C	YMR303C	1.0155	0.998	1.0382	0.9833	1.0147	0.8590000000000001
2291	1.0510158443897963	YMR292W	YNR060W	YDR466W	1.0095	0.9998	1.048	1.0266	1.0308	0.8562
2292	1.0510157456696034	YJL091C	YGR121C	YLR228C	1.0155	0.9938	1.04	0.9828	1.0109	0.853
2293	1.0510119947642087	YJL127C-B	YKR064W	YOR247W	1.0075	0.9963	1.0495	1.0157	1.0161	0.8556
2294	1.0510064700841903	YBR211C	YLL026W	YMR303C	1.0165	0.997	1.0382	0.9856	1.0423	0.8529
2295	1.0510037201344966	YBR290W	YDR196C	YDL130W-A	1.0062	1.0005	1.0362	0.9944	1.0164	0.853
2296	1.0510013950765131	YBR211C	YML060W	YMR303C	1.0165	0.998	1.0382	0.9856	1.0411	0.8567
2297	1.0510001450181006	YGR274C	YOL031C	YOR237W	1.016	0.998	1.047	0.9962	1.032	0.8553
2298	1.0509818450212478	YGR274C	YPL273W	YOR237W	1.016	0.995	1.047	0.9962	1.0319	0.8595
2299	1.0509552695155144	YJL127C-B	YKR064W	YBR208C	1.0075	0.9963	1.0413	1.0109	1.0419	0.8556
2300	1.050953819528222	YDR534C	YPL016W	YBR201W	1.0005	1.0005	1.038	1.0228	1.0149	0.8537
2301	1.050951945632696	YJL091C	YHR202W	YLR228C	1.0155	0.9982	1.04	0.9828	1.028	0.8568
2302	1.0509354946911336	YMR094W	YBR218C	YOL013C	1.0145	0.9948	1.0528	1.0089	1.0408	0.8562
2303	1.050907869845629	YGR274C	YDR358W	YOR237W	1.016	0.9998	1.047	0.9962	1.0423	0.8539
2304	1.0509027948379517	YGR274C	YGL249W	YOR237W	1.016	0.9958	1.047	0.9962	1.0413	0.855
2305	1.050902269899845	YGR274C	YBR165W	YOR237W	1.016	1.0005	1.047	0.9962	1.0363	0.8606
2306	1.0508996201008558	YOR229W	YAR066W	YHR006W	1.0165	0.9985	1.0367	1.0287	1.0222	0.8568
2307	1.0508869200497868	YPR056W	YCL049C	YML016C	1.0025	0.997	1.0368	1.0195	1.0253	0.8523
2308	1.0508782950043678	YDR141C	YGR121C	YCR107W	1.0155	0.9938	1.0390000000000001	0.9854	1.0425	0.857
2309	1.0508763945251702	YGR143W	YMR230W-A	YPR030W	1.0015	0.9990000000000001	1.0392	1.0218	1.0152	0.8586
2310	1.050876294925809	YDR141C	YGR121C	YCR059C	1.0155	0.9938	1.0375	0.9875	1.04	0.857
2311	1.0508688447922467	YGR143W	YMR230W-A	YCR059C	1.0015	0.9990000000000001	1.0375	1.0198	1.015	0.8586
2312	1.0508685448020696	YGR256W	YJL203W	YAL056W	1.0103	0.9975	1.0348	1.0193	1.0354	0.8526
2313	1.0508634948581457	YGR143W	YMR230W-A	YHR006W	1.0015	0.9990000000000001	1.0367	1.0274	1.0272	0.8586
2314	1.050862069964409	YMR094W	YBR218C	YNL042W	1.0145	0.9948	1.04	0.9993	1.0095	0.8562
2315	1.0508564946651455	YBR211C	YOR301W	YMR315W	1.0165	1.0005	1.045	0.9893	1.0442	0.8563
2316	1.0508455688804388	YMR292W	YNR060W	YHR006W	1.0095	0.9998	1.0367	1.0252	1.0427	0.8562
2317	1.0508435695320366	YGL060W	YJL203W	YBR208C	1.0038	0.9975	1.0413	1.023	1.0133	0.8609
2318	1.0508424703180792	YDR141C	YIR007W	YLR023C	1.0155	0.9990000000000001	1.0582	0.9893	1.0295	0.856
2319	1.0508408950120212	YKR098C	YKL146W	YLL017W	1.0018	0.9972	1.036	1.0173	1.0187	0.8597
2320	1.050840844631195	YMR094W	YBR218C	YOR237W	1.0145	0.9948	1.047	1.0066	1.0436	0.8562
2321	1.0508306200504305	YMR094W	YOR385W	YCR059C	1.0145	0.9957	1.0375	0.9864	1.0395	0.8573
2322	1.0508237208127975	YDR141C	YIR007W	YDR480W	1.0155	0.9990000000000001	1.0412	0.9777	1.0126	0.856
2323	1.0508130698651077	YHR104W	YGL035C	YAL030W	1.0152	0.9942	1.0405	1.0286	1.0167	0.8586
2324	1.0508112951517106	YMR094W	YOR385W	YDR480W	1.0145	0.9957	1.0412	0.9836	1.0359	0.8573
2325	1.0508106452226638	YJL091C	YOR356W	YLR228C	1.0155	0.998	1.04	0.9828	1.034	0.8531
2326	1.0508033444881442	YJL127C-B	YKR064W	YGL082W	1.0075	0.9963	1.0415	1.0013	1.0448	0.8556
2327	1.0508028699606655	YBR155W	YJL201W	YHR146W	1.003	0.9942	1.0395	1.0187	1.0225	0.8553
2328	1.050792144522071	YJL127C-B	YKR064W	YCL002C	1.0075	0.9963	1.0495	1.0137	1.0368	0.8556
2329	1.050784594640136	YBL003C	YDR196C	YDL130W-A	1.0005	1.0005	1.0362	1.0217	1.0164	0.8581
2330	1.0507807947397232	YHR104W	YIL045W	YER045C	1.0152	0.9975	1.054	1.004	1.0474	0.8563
2331	1.0507721195369961	YMR174C	YDR196C	YLR423C	1.004	1.0005	1.0377	1.0227	1.0306	0.8542
2332	1.0507646447569132	YDR540C	YDL073W	YOR190W	1.0032	0.997	1.0375	1.0271	1.0282	0.8584
2333	1.0507483449131252	YPR056W	YDR403W	YBR208C	1.0025	0.9952	1.0413	1.014	1.0126	0.8601
2334	1.050747720271349	YDR141C	YLR013W	YMR303C	1.0155	0.9947	1.0382	0.9833	1.0337	0.8540000000000001
2335	1.0507457948774102	YPL272C	YNL035C	YGR146C	1.0048	1.0005	1.0375	1.0135	1.0132	0.8537
2336	1.0507428204715252	YMR094W	YBR218C	YAL056W	1.0145	0.9948	1.0348	1.0071	1.0202	0.8562
2337	1.0507375200688838	YLR309C	YJL203W	YAL056W	1.0187	0.9975	1.0348	1.0126	1.0354	0.8574
2338	1.050736694633961	YGR274C	YBL024W	YOR237W	1.016	0.9983	1.047	0.9962	1.0434	0.8558
2339	1.0507214445769786	YJL091C	YGR121C	YML029W	1.0155	0.9938	1.041	0.9942	1.0482	0.853
2340	1.050718744635582	YGR274C	YKR102W	YOR237W	1.016	0.996	1.047	0.9962	1.0449	0.8541
2341	1.0507086944431068	YKL059C	YPL209C	YOR215C	1.0035	0.9990000000000001	1.0445	1.0229	1.0169	0.8574
2342	1.0506961198598146	YOR012W	YGL006W	YHR092C	1.0032	0.997	1.0405	1.0142	1.0184	0.8525
2343	1.0506948449462652	YDR196C	YGR275W	YDL130W-A	1.0005	0.998	1.0362	1.0164	1.0187	0.8584
2344	1.0506941200941802	YPL016W	YDR534C	YBR201W	1.0005	1.0005	1.038	1.0149	1.0228	0.8537
2345	1.0506926697641612	YBR255C-A	YKR013W	YDR084C	1.0045	0.9982	1.04	1.0193	1.0282	0.8592
2346	1.050692520558834	YGR274C	YML075C	YCL051W	1.016	0.995	1.058	0.9848	1.0299	0.8535
2347	1.0506771449148655	YIL101C	YLL019C	YOR237W	1.0065	0.9965	1.047	1.0002	1.031	0.855
2348	1.0506758201271296	YDR196C	YJL201W	YDL130W-A	1.0005	0.9942	1.0362	1.0164	1.0258	0.8549
2349	1.0506693448871374	YBR069C	YNL146C-A	YAR028W	1.005	0.996	1.0393	1.0153	1.0243	0.858
2350	1.0506669692248107	YPR056W	YCL049C	YLR228C	1.0025	0.997	1.04	1.0270000000000001	1.0394	0.8523
2351	1.0506633199304345	YDR196C	YGR206W	YDL130W-A	1.0005	0.9995	1.0362	1.0164	1.0142	0.8606
2352	1.0506592195779083	YPR015C	YJL203W	YAL056W	1.0157	0.9975	1.0348	1.0252	1.0354	0.8554
2353	1.0506544195264578	YKL059C	YDL186W	YOR215C	1.0035	0.9982	1.0445	1.0229	1.0291	0.858
2354	1.0506519705057145	YDR141C	YLR013W	YHR073W	1.0155	0.9947	1.0347	0.9929	1.0170000000000001	0.8540000000000001
2355	1.0506517945826055	YMR094W	YOR385W	YNL020C	1.0145	0.9957	1.0435	0.9947	1.0490000000000002	0.8573
2356	1.0506409195512534	YGR094W	YPR029C	YDR266C	1.0105	0.9913	1.042	1.0268	1.0255	0.8588
2357	1.0506377688199282	YIL101C	YLL019C	YOL013C	1.0065	0.9965	1.0528	1.026	1.0448	0.855
2358	1.0506370445638895	YDL108W	YPL103C	YGR146C	1.003	1.0007	1.0375	1.0255	1.0157	0.8544
2359	1.0506332446187736	YPL016W	YDR534C	YCR014C	1.0005	1.0005	1.043	1.0244	1.0279	0.8537
2360	1.0506316957771775	YGR274C	YDR358W	YLR228C	1.016	0.9998	1.04	0.9793	1.0132	0.8539
2361	1.050622569218278	YPL016W	YDR534C	YNL042W	1.0005	1.0005	1.04	1.0212	1.0332	0.8537
2362	1.0506211192458867	YGR061C	YER147C	YML029W	1.0025	0.9965	1.041	1.0270000000000001	1.0404	0.8538
2363	1.0506196453273295	YMR292W	YNR060W	YDL197C	1.0095	0.9998	1.035	1.0128	1.0114	0.8562
2364	1.050619569867849	YDR141C	YNL098C	YLR023C	1.0155	0.998	1.0582	0.9893	1.0405	0.8590000000000001
2365	1.0506165208518503	YDR141C	YLR013W	YDR480W	1.0155	0.9947	1.0412	0.9777	1.0274	0.8540000000000001
2366	1.0506150949448347	YDR196C	YKR064W	YDL130W-A	1.0005	0.9963	1.0362	1.0164	1.0199	0.8523
2367	1.0506148197203875	YMR261C	YDR196C	YLR423C	1.0115	1.0005	1.0377	1.0289	1.0306	0.8575
2368	1.0506107948571444	YDR196C	YLL019C	YDL130W-A	1.0005	0.9965	1.0362	1.0164	1.0168	0.8566
2369	1.0506075941473243	YDR518W	YML112W	YCR020C	1.0105	0.9963	1.0395	1.0275	1.0445	0.861
2370	1.050606344267726	YDR534C	YPL016W	YLR228C	1.0005	1.0005	1.04	1.0265	1.0335	0.8537
2371	1.050606194958091	YDR196C	YBL043W	YDL130W-A	1.0005	0.9945	1.0362	1.0164	1.0195	0.861
2372	1.0505976692289114	YJL127C-B	YKR064W	YGL108C	1.0075	0.9963	1.0482	1.0155	1.0455	0.8556
2373	1.0505975698679686	YDR022C	YLR283W	YGL224C	1.001	0.9985	1.0415	1.0273	1.0101	0.8602
2374	1.050593294993043	YDR196C	YBL003C	YDL130W-A	1.0005	1.0005	1.0362	1.0164	1.0217	0.8581
2375	1.0505925946086645	YJL010C	YPL267W	YER187W	1.016	0.9878	1.0393	1.02	1.0237	0.8559
2376	1.0505854443460705	YBR155W	YJL201W	YGL224C	1.003	0.9942	1.0415	1.0221	1.0316	0.8553
2377	1.0505852702856064	YGR274C	YHL047C	YCL051W	1.016	1.0002	1.058	0.9848	1.0311	0.8608
2378	1.0505829945355654	YMR210W	YDR196C	YLR423C	1.0032	1.0005	1.0377	1.0239	1.0306	0.8577
2379	1.0505781443268059	YGR143W	YFL064C	YHR006W	1.0015	0.996	1.0367	1.0274	1.0355	0.8532
2380	1.0505698709189892	YGR274C	YBR165W	YLL017W	1.016	1.0005	1.036	0.9806	1.0254	0.8606
2381	1.0505659958124158	YGR274C	YHL047C	YLL017W	1.016	1.0002	1.036	0.9806	1.0128	0.8608
2382	1.050563245177269	YGR274C	YPL273W	YCL051W	1.016	0.995	1.058	0.9848	1.0347	0.8595
2383	1.0505604709684848	YDR141C	YGR121C	YFR032C	1.0155	0.9938	1.0373	0.9791	1.023	0.857
2384	1.0505562691837549	YPL272C	YNL035C	YML029W	1.0048	1.0005	1.041	1.0215	1.0373	0.8537
2385	1.0505561698824168	YCR092C	YDR196C	YLR423C	1.002	1.0005	1.0377	1.0139	1.0306	0.8605
2386	1.0505528694540265	YIL158W	YER147C	YCR014C	1.0005	0.9965	1.043	1.0274	1.0323	0.8549
2387	1.0505518702566623	YDL178W	YER147C	YHR146W	1.004	0.9965	1.0395	1.0005	1.0239	0.8607
2388	1.0505491709411143	YGR274C	YDR358W	YLL017W	1.016	0.9998	1.036	0.9806	1.0259	0.8539
2389	1.0505484198778867	YBL085W	YJL203W	YAL056W	1.0082	0.9975	1.0348	1.0172	1.0354	0.8534
2390	1.050546220600605	YHR104W	YIL045W	YCR100C	1.0152	0.9975	1.035	0.9887	1.0198	0.8563
2391	1.050543120920658	YGR274C	YLR283W	YLL017W	1.016	0.9985	1.036	0.9806	1.026	0.8545
2392	1.0505426201820374	YDR534C	YPL016W	YGR146C	1.0005	1.0005	1.0375	1.0072	1.0181	0.8537
2393	1.0505425942093134	YKR098C	YKL146W	YCR020C	1.0018	0.9972	1.0395	1.0248	1.0352	0.8597
2394	1.050541870713234	YGR274C	YOL031C	YLR228C	1.016	0.998	1.04	0.9793	1.0165	0.8553
2395	1.0505412941128016	YDL178W	YER147C	YML029W	1.004	0.9965	1.041	1.0217	1.0404	0.8607
2396	1.0505331194251777	YPL016W	YDR534C	YBR208C	1.0005	1.0005	1.0413	1.0207	1.0325	0.8537
2397	1.05052832069993	YDR141C	YMR247C	YDR480W	1.0155	0.9943	1.0412	0.9777	1.0159	0.8599
2398	1.0505274447202684	YBR211C	YFL011W	YMR315W	1.0165	1.0008	1.045	0.9893	1.0486	0.8564
2399	1.050524920746684	YGL248W	YDR196C	YLR423C	1.014	1.0005	1.0377	0.9769	1.0306	0.8579
2400	1.0505234692543746	YPR056W	YDR403W	YML016C	1.0025	0.9952	1.0368	1.0195	1.0471	0.8601
2401	1.0505201700627804	YMR094W	YOR385W	YAL056W	1.0145	0.9957	1.0348	1.0071	1.0405	0.8573
2402	1.0505160950422283	YBR255C-A	YKR013W	YOR190W	1.0045	0.9982	1.0375	1.0103	1.0124	0.8592
2403	1.0505156953632833	YIL068C	YGL035C	YOR190W	1.0025	0.9942	1.0375	1.0037	1.0254	0.8606
2404	1.0505146198719741	YOR226C	YPL016W	YJL016W	1.0055	1.0005	1.0408	1.0162	1.0274	0.8589
2405	1.0505142694860696	YNL087W	YDR075W	YHR146W	1.0117	0.988	1.0395	1.0265	1.0131	0.8561
2406	1.0505123199671509	YMR292W	YNR060W	YGL224C	1.0095	0.9998	1.0415	1.0288	1.0231	0.8562
2407	1.0505114692896604	YDR141C	YPL003W	YML029W	1.0155	0.987	1.041	1.0214	1.0189	0.8525
2408	1.0505105702579025	YPL016W	YDR534C	YDL177C	1.0005	1.0005	1.0390000000000001	1.0032	1.0274	0.8537
2409	1.0505091445893049	YFR007W	YJR155W	YLL010C	1.0152	0.988	1.043	1.0197	1.0265	0.8544
2410	1.0505024950206279	YKL059C	YDL186W	YER180C	1.0035	0.9982	1.0423	1.0125	1.025	0.858
2411	1.0505010443478822	YPR056W	YDR403W	YLL010C	1.0025	0.9952	1.043	1.0206	1.0374	0.8601
2412	1.050498195171356	YGR274C	YOR008C-A	YCL051W	1.016	0.998	1.058	0.9848	1.0368	0.8607
2413	1.0504976709485054	YMR094W	YBR218C	YLL017W	1.0145	0.9948	1.036	0.9796	1.0229	0.8562
2414	1.0504935702085496	YBR155W	YJL201W	YLL017W	1.003	0.9942	1.036	1.0065	1.014	0.8553
2415	1.0504912441819907	YOR112W	YPL016W	YAL030W	1.001	1.0005	1.0405	1.0248	1.0359	0.8532
2416	1.0504887207597495	YDR141C	YIR007W	YMR162C	1.0155	0.9990000000000001	1.0427	0.9758	1.0137	0.856
2417	1.0504869458079338	YGR274C	YOL031C	YLL017W	1.016	0.998	1.036	0.9806	1.0107	0.8553
2418	1.0504855192452671	YDR534C	YPL016W	YIR042C	1.0005	1.0005	1.0357	1.0268	1.038	0.8537
2419	1.0504825946092606	YGR274C	YLR283W	YOR237W	1.016	0.9985	1.047	0.9962	1.0482	0.8545
2420	1.0504824194461106	YPR169W	YHR046C	YNL042W	1.0125	0.9888	1.04	1.0251	1.026	0.8589
2421	1.0504775196164848	YOL065C	YJL203W	YAL056W	1.0067	0.9975	1.0348	1.0207	1.0354	0.8541
2422	1.0504738202095032	YDR141C	YMR247C	YHR073W	1.0155	0.9943	1.0347	0.9929	1.0345	0.8599
2423	1.0504729701280595	YOR118W	YJL203W	YBR208C	1.004	0.9975	1.0413	1.005	1.0133	0.8582
2424	1.0504713943749666	YLR266C	YOR393W	YAL030W	1.015	0.993	1.0405	1.0264	1.0208	0.8596
2425	1.0504570946842429	YJL010C	YPL267W	YMR140W	1.016	0.9878	1.0415	1.0179	1.01	0.8559
2426	1.0504545201063156	YIL068C	YGL035C	YBR201W	1.0025	0.9942	1.038	1.0096	1.0195	0.8606
2427	1.0504528700709344	YOR112W	YPL016W	YBR201W	1.001	1.0005	1.038	0.9987	1.0149	0.8532
2428	1.050452045142651	YGR143W	YMR230W-A	YCR014C	1.0015	0.9990000000000001	1.043	1.0108	1.0254	0.8586
2429	1.0504519953131677	YPR056W	YDR403W	YMR162C	1.0025	0.9952	1.0427	0.9993	1.0232	0.8601
2430	1.0504516945630311	YKR102W	YER147C	YHR146W	0.996	0.9965	1.0395	1.0259	1.0239	0.8592
2431	1.0504426192790268	YBR069C	YNL146C-A	YER180C	1.005	0.996	1.0423	1.0206	1.0358	0.858
2432	1.0504403949826957	YBR069C	YNL146C-A	YGL108C	1.005	0.996	1.0482	1.0274	1.0259	0.858
2433	1.0504360200166702	YJL091C	YPL116W	YLR228C	1.0155	0.9985	1.04	0.9828	1.0475	0.8572
2434	1.050429545760155	YGR274C	YML070W	YLL017W	1.016	0.9962	1.036	0.9806	1.0288	0.8595
2435	1.0504289941936733	YOR226C	YPL016W	YIR042C	1.0055	1.0005	1.0357	1.0272	1.038	0.8589
2436	1.050428820014	YDR534C	YPL016W	YDL130W-A	1.0005	1.0005	1.0362	1.0091	1.0166	0.8537
2437	1.0504267693012952	YJL010C	YPL267W	YLR228C	1.016	0.9878	1.04	1.0244	1.0263	0.8559
2438	1.0504186701774598	YIL068C	YGL035C	YNL042W	1.0025	0.9942	1.04	1.0052	1.0288	0.8606
2439	1.0504175207316877	YGR274C	YKR102W	YLL017W	1.016	0.996	1.036	0.9806	1.0291	0.8541
2440	1.0504139690846204	YPR056W	YCL049C	YLL010C	1.0025	0.997	1.043	1.0206	1.0453	0.8523
2441	1.0504102440923453	YKL059C	YDL186W	YGL224C	1.0035	0.9982	1.0415	1.0255	1.0402	0.858
2442	1.0504069957435131	YGR274C	YBL049W	YLL017W	1.016	0.9985	1.036	0.9806	1.0215	0.8539
2443	1.0504058196693655	YDR141C	YML020W	YPR030W	1.0155	0.9903	1.0392	1.0133	1.0108	0.8595
2444	1.0503991696089507	YIL045W	YHR155W	YPR030W	0.9975	0.9985	1.0392	1.0184	1.0118	0.8571
2445	1.0503957942575215	YOR118W	YER147C	YCR014C	1.004	0.9965	1.043	1.0248	1.0323	0.8590000000000001
2446	1.0503903696388006	YGL200C	YOL152W	YAR028W	0.998	0.9982	1.0393	1.0218	1.0246	0.8557
2447	1.0503898701667786	YDR141C	YIR007W	YHR073W	1.0155	0.9990000000000001	1.0347	0.9929	1.0375	0.856
2448	1.0503895199596882	YPR056W	YCL049C	YNL042W	1.0025	0.997	1.04	1.0111	1.0208	0.8523
2449	1.0503837198615074	YDR141C	YNL098C	YCR107W	1.0155	0.998	1.0390000000000001	0.9854	1.0494	0.8590000000000001
2450	1.050381795719266	YMR094W	YBR218C	YMR315W	1.0145	0.9948	1.045	0.9767	1.0173	0.8562
2451	1.050380444213748	YPR015C	YNL145W	YJL016W	1.0157	0.991	1.0408	1.0236	1.03	0.8545
2452	1.0503792193681	YJL127C-B	YOR179C	YFR032C	1.0075	0.987	1.0373	1.0226	1.0237	0.8545
2453	1.0503788696080447	YLR414C	YGR186W	YDR480W	0.9975	0.997	1.0412	1.018	1.0185	0.8599
2454	1.0503782951831817	YPL272C	YNL035C	YOR190W	1.0048	1.0005	1.0375	1.0026	1.0181	0.8537
2455	1.0503732203245164	YGR274C	YPL273W	YLR228C	1.016	0.995	1.04	0.9793	1.0357	0.8595
2456	1.050367770075798	YKR098C	YKL146W	YGR146C	1.0018	0.9972	1.0375	0.993	1.0144	0.8597
2457	1.0503675694316623	YDR540C	YDL073W	YLR228C	1.0032	0.997	1.04	1.0146	1.0371	0.8584
2458	1.0503667950332165	YPR056W	YCL049C	YOR215C	1.0025	0.997	1.0445	1.0092	1.0177	0.8523
2459	1.0503613694757223	YER147C	YKR102W	YHR146W	0.9965	0.996	1.0395	1.0239	1.0259	0.8592
2460	1.0503612690716984	YKR098C	YKL146W	YDL177C	1.0018	0.9972	1.0390000000000001	1.0191	1.0427	0.8597
2461	1.0503589944690466	YPR056W	YCL049C	YMR140W	1.0025	0.997	1.0415	1.0146	1.0371	0.8523
2462	1.0503582448959352	YOR226C	YPL016W	YMR140W	1.0055	1.0005	1.0415	1.0085	1.0158	0.8589
2463	1.0503579946607349	YFR007W	YJR155W	YBR201W	1.0152	0.988	1.038	1.0164	1.0134	0.8544
2464	1.0503565445691343	YGR186W	YLR414C	YGL082W	0.997	0.9975	1.0415	1.0269	1.0124	0.8599
2465	1.0503516948372127	YIL068C	YGL035C	YKR039W	1.0025	0.9942	1.0693	1.0216	1.0228	0.8606
2466	1.0503495944291354	YHR055C	YDR059C	YLR228C	0.9965	0.9952	1.04	1.0208	1.0121	0.8606
2467	1.0503465937823058	YDR141C	YGR249W	YML029W	1.0155	0.9875	1.041	1.0214	1.0396	0.8590000000000001
2468	1.05034554477036	YIL158W	YER147C	YCR019W	1.0005	0.9965	1.0535	1.0268	1.0118	0.8549
2469	1.050343470156193	YKR098C	YKL146W	YER180C	1.0018	0.9972	1.0423	0.992	1.0128	0.8597
2470	1.050342245042324	YBR069C	YNL146C-A	YNL020C	1.005	0.996	1.0435	1.0036	1.0165	0.858
2471	1.0503418949693442	YPR145W	YER147C	YCR019W	1.003	0.9965	1.0535	1.0166	1.0118	0.8549
2472	1.0503388193100691	YDR019C	YBR239C	YHR136C	1.0143	0.9925	1.0362	1.0244	1.0132	0.858
2473	1.0503363445848226	YOR393W	YPR008W	YBR201W	0.993	0.998	1.038	1.0265	1.0268	0.8567
2474	1.0503323442786932	YKR027W	YNL146C-A	YHR092C	0.995	0.996	1.0405	1.0225	1.0296	0.8540000000000001
2475	1.0503275952637194	YDR196C	YJL201W	YMR162C	1.0005	0.9942	1.0427	0.9922	1.0238	0.8549
2476	1.050325669273734	YDR022C	YLR283W	YMR206W	1.001	0.9985	1.043	1.0143	1.0453	0.8602
2477	1.0503238945156337	YGR186W	YLR414C	YDR480W	0.997	0.9975	1.0412	1.0185	1.018	0.8599
2478	1.0503224946260452	YMR292W	YNR060W	YDR408C	1.0095	0.9998	1.0482	1.003	1.0465	0.8562
2479	1.050322094514966	YOR393W	YOL031C	YAL030W	0.993	0.998	1.0405	1.0208	1.0267	0.8577
2480	1.0503213941901923	YIL068C	YGL035C	YLL017W	1.0025	0.9942	1.036	1.0191	1.0476	0.8606
2481	1.0503210696130991	YKR098C	YKL146W	YMR161W	1.0018	0.9972	1.0513	1.0223	1.0282	0.8597
2482	1.0503202708810568	YGR274C	YOL031C	YDR466W	1.016	0.998	1.048	0.977	1.0184	0.8553
2483	1.0503202708810568	YGR274C	YLR283W	YDR466W	1.016	0.9985	1.048	0.977	1.0181	0.8545
2484	1.050319793984294	YPL016W	YDR534C	YJL016W	1.0005	1.0005	1.0408	1.0274	1.0485	0.8537
2485	1.0503124453127384	YGR274C	YGL249W	YLL017W	1.016	0.9958	1.036	0.9806	1.0358	0.855
2486	1.0503122691661122	YDR012W	YPL236C	YDR266C	1.0105	0.9895	1.042	1.0177	1.0361	0.8575
2487	1.0503112696558237	YDR141C	YML101C	YPR030W	1.0155	0.9902	1.0392	1.0133	1.0288	0.8579
2488	1.0502991939932107	YDR141C	YBR293W	YML029W	1.0155	0.9872	1.041	1.0214	1.0323	0.8577
2489	1.0502965213060378	YDR180W	YCL001W	YHR146W	1.011	0.997	1.0395	0.9656	1.025	0.8581
2490	1.0502961703240872	YMR094W	YOR385W	YHR146W	1.0145	0.9957	1.0395	0.9798	1.0424	0.8573
2491	1.0502956941574813	YER147C	YOR098C	YHR146W	0.9965	0.9945	1.0395	1.0239	1.0154	0.8592
2492	1.0502940943688155	YER147C	YLR164W	YLL010C	0.9965	0.9977	1.043	1.0189	1.0156	0.8579
2493	1.0502916194200516	YDR022C	YLR283W	YER187W	1.001	0.9985	1.0393	1.0098	1.0471	0.8602
2494	1.050288045808673	YDR180W	YHR202W	YMR162C	1.011	0.9982	1.0427	0.9745	1.0184	0.8562
2495	1.0502847691625357	YJL010C	YPL267W	YNL020C	1.016	0.9878	1.0435	1.0232	1.0283	0.8559
2496	1.0502841192930936	YGL263W	YLR415C	YDL130W-A	1.0155	0.988	1.0362	1.0253	1.0155	0.8568
2497	1.050283269941807	YGR274C	YML070W	YCL051W	1.016	0.9962	1.058	0.9848	1.0462	0.8595
2498	1.05028306953609	YDR141C	YBR293W	YPR030W	1.0155	0.9872	1.0392	1.0133	1.0212	0.8577
2499	1.0502812944799662	YDR196C	YGL032C	YDL130W-A	1.0005	0.9998	1.0362	1.0164	1.04	0.8561
2500	1.0502792193442585	YIL045W	YHR155W	YGL082W	0.9975	0.9985	1.0415	1.0212	1.0204	0.8571
2501	1.0502790948748588	YPL016W	YDR534C	YCR020C	1.0005	1.0005	1.0395	0.9981	1.0318	0.8537
2502	1.0502762699276211	YKR098C	YKL146W	YDR408C	1.0018	0.9972	1.0482	1.0139	1.0119	0.8597
2503	1.050274744465947	YHR155W	YIL045W	YJL016W	0.9985	0.9975	1.0408	1.0219	1.0182	0.8571
2504	1.0502736952900886	YGR274C	YOR008C-A	YLR228C	1.016	0.998	1.04	0.9793	1.0409	0.8607
2505	1.0502733693271875	YOR393W	YPR008W	YDL130W-A	0.993	0.998	1.0362	1.0231	1.0282	0.8567
2506	1.0502729193717242	YML043C	YOL124C	YAL030W	1.0211	0.9843	1.0405	1.0217	1.0249	0.8537
2507	1.0502727192491292	YPR015C	YNL145W	YMR206W	1.0157	0.991	1.043	1.0241	1.0102	0.8545
2508	1.0502688193768264	YER053C-A	YDR105C	YOR190W	0.9925	0.9997	1.0375	1.0186	1.0156	0.8567
2509	1.0502663200497628	YMR094W	YOR385W	YBL032W	1.0145	0.9957	1.0343	1.0129	1.0342	0.8573
2510	1.0502619211822748	YGR274C	YHL047C	YNL020C	1.016	1.0002	1.0435	0.9681	1.012	0.8608
2511	1.0502548442035915	YPL272C	YNL035C	YHR146W	1.0048	1.0005	1.0395	1.0159	1.0452	0.8537
2512	1.0502542196065188	YOR033C	YER147C	YCR019W	1.002	0.9965	1.0535	1.0234	1.0118	0.8563
2513	1.0502524456083773	YMR094W	YBR218C	YKL047W	1.0145	0.9948	1.0342	0.9949	1.0104	0.8562
2514	1.0502508697807789	YPL016W	YDR534C	YER187W	1.0005	1.0005	1.0393	1.0037	1.0342	0.8537
2515	1.0502493950426577	YPL272C	YNL035C	YER180C	1.0048	1.0005	1.0423	0.9965	1.0168	0.8537
2516	1.0502489696592092	YIL045W	YHR155W	YJL016W	0.9975	0.9985	1.0408	1.0182	1.0219	0.8571
2517	1.0502488202154636	YBL001C	YER147C	YKL047W	1.0112	0.9965	1.0342	1.0095	1.0317	0.8590000000000001
2518	1.0502486962378024	YDR180W	YGR052W	YHR146W	1.011	1.0008	1.0395	0.9656	1.0121	0.8581
2519	1.0502478213310242	YDR180W	YLL054C	YHR146W	1.011	0.9995	1.0395	0.9656	1.0234	0.8555
2520	1.0502462698072197	YJR103W	YJL203W	YOR237W	1.0037	0.9975	1.047	1.0201	1.0203	0.8588
2521	1.0502453196048738	YLR152C	YAL017W	YNL020C	1.0190000000000001	0.9792	1.0435	1.0172	1.0270000000000001	0.8605
2522	1.0502446447610856	YBR155W	YJL201W	YCR020C	1.003	0.9942	1.0395	1.0042	1.0347	0.8553
2523	1.0502424697577952	YDR196C	YLR046C	YCR059C	1.0005	0.9968	1.0375	0.9992	1.0356	0.8556
2524	1.0502390709370375	YDR180W	YGR052W	YMR162C	1.011	1.0008	1.0427	0.9745	1.0246	0.8581
2525	1.0502388201355934	YDR196C	YGL032C	YMR162C	1.0005	0.9998	1.0427	0.9922	1.0114	0.8561
2526	1.0502369449734688	YDR019C	YBR239C	YML029W	1.0143	0.9925	1.041	1.0013	1.0186	0.858
2527	1.0502362700104713	YDR141C	YGR249W	YJL016W	1.0155	0.9875	1.0408	0.9990000000000001	1.0247	0.8590000000000001
2528	1.0502362700104713	YDR141C	YAL054C	YGL224C	1.0155	0.9875	1.0415	0.9995	1.0246	0.8531
2529	1.0502325462549926	YGR274C	YOL031C	YNL020C	1.016	0.998	1.0435	0.9681	1.0248	0.8553
2530	1.0502315443605186	YDR196C	YLR414C	YDL130W-A	1.0005	0.9975	1.0362	1.0164	1.0459	0.8571
2531	1.050231370061636	YDR196C	YBL043W	YMR162C	1.0005	0.9945	1.0427	0.9922	1.0171	0.861
2532	1.050226420044899	YFR007W	YJR155W	YMR140W	1.0152	0.988	1.0415	1.0017	1.0258	0.8544
2533	1.0502257193773985	YPL016W	YDR534C	YMR140W	1.0005	1.0005	1.0415	1.0158	1.0396	0.8537
2534	1.050224644601345	YIL057C	YHR043C	YML016C	1.0147	0.9738	1.0368	1.0181	1.0238	0.8574
2535	1.050223319619894	YOR112W	YPL016W	YLR228C	1.001	1.0005	1.04	1.008	1.0335	0.8532
2536	1.0502202446311713	YOR098C	YER147C	YHR146W	0.9945	0.9965	1.0395	1.0154	1.0239	0.8592
2537	1.050219719901681	YGL200C	YML112W	YCR061W	0.998	0.9963	1.0415	1.0166	1.0248	0.8583
2538	1.0502141449749471	YPR169W	YHR046C	YCR107W	1.0125	0.9888	1.0390000000000001	1.0057	1.0116	0.8589
2539	1.0502130949199202	YDR196C	YJL201W	YCR059C	1.0005	0.9942	1.0375	0.9992	1.0316	0.8549
2540	1.050211595147848	YDR196C	YGR206W	YCR059C	1.0005	0.9995	1.0375	0.9992	1.0302	0.8606
2541	1.0502104447335006	YJL203W	YOR018W	YBR208C	0.9975	0.9998	1.0413	1.0133	1.0255	0.8608
2542	1.0502103190869092	YPR169W	YHR046C	YFR032C	1.0125	0.9888	1.0373	1.0249	1.0316	0.8589
2543	1.0502099197506904	YPR056W	YCL049C	YNL020C	1.0025	0.997	1.0435	1.0059	1.0342	0.8523
2544	1.050206869572401	YPR056W	YDR403W	YNL020C	1.0025	0.9952	1.0435	1.0059	1.0467	0.8601
2545	1.050205369561911	YKR098C	YKL146W	YNL020C	1.0018	0.9972	1.0435	1.0033	1.0467	0.8597
2546	1.0502039951682092	YLR266C	YOR393W	YBR201W	1.015	0.993	1.038	1.0064	1.0265	0.8596
2547	1.0502026959359645	YGR274C	YBR138C	YCL064C	1.016	0.996	1.053	0.9803	1.0249	0.8567
2548	1.050197294816375	YMR171C	YER147C	YCR019W	1.0048	0.9965	1.0535	1.0155	1.0118	0.8574
2549	1.0501960940510036	YPR015C	YNL145W	YLL017W	1.0157	0.991	1.036	1.024	1.0317	0.8545
2550	1.0501940953433515	YGR274C	YBR138C	YLL017W	1.016	0.996	1.036	0.9806	1.0364	0.8567
2551	1.0501878192275762	YML112W	YGL200C	YCR061W	0.9963	0.998	1.0415	1.0248	1.0166	0.8583
2552	1.050187719479203	YMR084W	YDR358W	YCR059C	0.9935	0.9998	1.0375	1.0266	1.0286	0.8572
2553	1.0501865444630385	YBR255C-A	YKR013W	YIR042C	1.0045	0.9982	1.0357	1.015	1.0384	0.8592
2554	1.0501847694069149	YHR155W	YIL045W	YMR206W	0.9985	0.9975	1.043	1.0228	1.0299	0.8571
2555	1.0501844700872898	YDR196C	YLR414C	YMR162C	1.0005	0.9975	1.0427	0.9922	1.0215	0.8571
2556	1.0501834443956617	YIL030C	YDR124W	YNL020C	1.0097	0.991	1.0435	1.0257	1.0243	0.853
2557	1.0501828447133303	YIL045W	YHR155W	YOR215C	0.9975	0.9985	1.0445	1.0186	1.0242	0.8571
2558	1.0501812950968743	YGR094W	YPR029C	YLR423C	1.0105	0.9913	1.0377	0.9961	1.0236	0.8588
2559	1.050179919347167	YGR186W	YLR414C	YOR190W	0.997	0.9975	1.0375	1.025	1.0137	0.8599
2560	1.0501798944026233	YML043C	YOL124C	YDR480W	1.0211	0.9843	1.0412	1.0198	1.0181	0.8537
2561	1.0501792694181205	YJL127C-B	YOR179C	YGR146C	1.0075	0.987	1.0375	1.0209	1.0183	0.8545
2562	1.0501708202958109	YGR274C	YBL024W	YLL017W	1.016	0.9983	1.036	0.9806	1.0425	0.8558
2563	1.0501688957959412	YDR180W	YOR246C	YMR162C	1.011	0.997	1.0427	0.9745	1.0283	0.8598
2564	1.0501685945242645	YJL127C-B	YKR064W	YMR195W	1.0075	0.9963	1.0497	1.0275	1.0349	0.8556
2565	1.050168594419956	YPR105C	YOR128C	YLL010C	1.0145	0.9815	1.043	1.0192	1.0268	0.8579
2566	1.0501665695607665	YPL277C	YMR003W	YDR084C	1.0155	0.978	1.04	1.0166	1.0239	0.8544
2567	1.0501658962965013	YMR094W	YOR385W	YER187W	1.0145	0.9957	1.0393	0.9623	1.0277	0.8573
2568	1.0501652195453643	YGR143W	YFL064C	YCR014C	1.0015	0.996	1.043	1.0108	1.0359	0.8532
2569	1.050164444372058	YML112W	YGL200C	YDL130W-A	0.9963	0.998	1.0362	1.0216	1.0206	0.8583
2570	1.050164419040084	YPR169W	YHR046C	YGR146C	1.0125	0.9888	1.0375	1.0255	1.0328	0.8589
2571	1.0501618949770928	YDR141C	YML020W	YJL016W	1.0155	0.9903	1.0408	0.9990000000000001	1.0190000000000001	0.8595
2572	1.0501566198468208	YNL087W	YDR075W	YGL082W	1.0117	0.988	1.0415	1.011	1.0233	0.8561
2573	1.0501561695337296	YPL016W	YDR534C	YML029W	1.0005	1.0005	1.041	1.0108	1.0424	0.8537
2574	1.050156044691801	YOR033C	YER147C	YML029W	1.002	0.9965	1.041	1.0002	1.0404	0.8563
2575	1.0501527440994978	YHR055C	YDR059C	YER187W	0.9965	0.9952	1.0393	1.0218	1.0313	0.8606
2576	1.0501509961783886	YMR094W	YOR385W	YCR107W	1.0145	0.9957	1.0390000000000001	0.9617	1.0147	0.8573
2577	1.050150869488716	YPL272C	YNL035C	YLR228C	1.0048	1.0005	1.04	1.0062	1.0459	0.8537
2578	1.0501506944149732	YBL043W	YDR196C	YDL130W-A	0.9945	1.0005	1.0362	1.0195	1.0164	0.861
2579	1.0501496702730655	YBR255C-A	YKR013W	YMR140W	1.0045	0.9982	1.0415	0.9905	1.0239	0.8592
2580	1.05014916972816	YLR414C	YGR186W	YOR190W	0.9975	0.997	1.0375	1.0137	1.025	0.8599
2581	1.0501486709564924	YGR274C	YML070W	YDR466W	1.016	0.9962	1.048	0.977	1.0277	0.8595
2582	1.0501480943113566	YDR019C	YBR239C	YCR059C	1.0143	0.9925	1.0375	1.0135	1.0355	0.858
2583	1.0501480446904896	YGL200C	YOL152W	YDL130W-A	0.998	0.9982	1.0362	1.0206	1.0199	0.8557
2584	1.0501478944569826	YBR218C	YNL146C-A	YDL130W-A	0.9948	0.996	1.0362	1.0253	1.0275	0.8578
2585	1.0501478694379331	YGR143W	YFL064C	YOR296W	1.0015	0.996	1.043	1.0075	1.0469	0.8532
2586	1.0501478450000288	YMR094W	YIL079C	YNL042W	1.0145	0.99	1.04	0.9993	1.022	0.8574
2587	1.050147445291281	YGR274C	YPL273W	YLL017W	1.016	0.995	1.036	0.9806	1.0387	0.8595
2588	1.0501467196345329	YPL016W	YDR534C	YOR296W	1.0005	1.0005	1.043	1.0088	1.0355	0.8537
2589	1.0501467196345329	YGR143W	YMR230W-A	YOR296W	1.0015	0.9990000000000001	1.043	1.0075	1.0344	0.8586
2590	1.0501465953588485	YMR094W	YOR385W	YLL017W	1.0145	0.9957	1.036	0.9796	1.0414	0.8573
2591	1.0501435440033675	YOR098C	YER147C	YCR014C	0.9945	0.9965	1.043	1.0229	1.0323	0.8592
2592	1.0501430940777063	YPR169W	YHR046C	YOR215C	1.0125	0.9888	1.0445	1.0263	1.032	0.8589
2593	1.050141494140029	YMR084W	YDR358W	YDL130W-A	0.9935	0.9998	1.0362	1.0236	1.0172	0.8572
2594	1.0501414435356855	YPR169W	YHR046C	YCR014C	1.0125	0.9888	1.043	1.0224	1.0454	0.8589
2595	1.0501404443085192	YJL155C	YKL196C	YML029W	1.0132	0.9744	1.041	1.0204	1.0199	0.861
2596	1.050138244524598	YOL152W	YGL200C	YAR028W	0.9982	0.998	1.0393	1.0246	1.0218	0.8557
2597	1.0501362438052892	YFR007W	YJR155W	YNL020C	1.0152	0.988	1.0435	1.0254	1.0369	0.8544
2598	1.0501360947340723	YOL152W	YGL200C	YLR423C	0.9982	0.998	1.0377	1.0195	1.0286	0.8557
2599	1.0501342698931695	YDR379W	YBR257W	YCR020C	1.0177	1.0511	1.0395	1.0241	1.0186	0.8541
2600	1.0501341942697764	YJL201W	YDR196C	YDL130W-A	0.9942	1.0005	1.0362	1.0258	1.0164	0.8549
2601	1.0501340944319963	YKR064W	YDR196C	YDL130W-A	0.9963	1.0005	1.0362	1.0199	1.0164	0.8523
2602	1.050133920952678	YDR180W	YJL201W	YMR162C	1.011	0.9942	1.0427	0.9745	1.0238	0.8579
2603	1.0501335696429015	YGR275W	YDR196C	YDL130W-A	0.998	1.0005	1.0362	1.0187	1.0164	0.8584
2604	1.0501323451399802	YPR169W	YHR046C	YLR423C	1.0125	0.9888	1.0377	1.0005	1.0246	0.8589
2605	1.0501317194700241	YLR156C-A	YJL106W	YFR032C	1.0205	0.9825	1.0373	1.0202	1.0290000000000001	0.8599
2606	1.0501279695332049	YKR098C	YKL146W	YOR296W	1.0018	0.9972	1.043	1.0094	1.0418	0.8597
2607	1.0501246691644193	YPR015C	YNL004W	YJL016W	1.0157	0.9773	1.0408	1.0236	1.025	0.8563
2608	1.0501220195144416	YHR055C	YDR059C	YCR020C	0.9965	0.9952	1.0395	1.0185	1.0302	0.8606
2609	1.050121944591403	YKR098C	YKL146W	YCR026C	1.0018	0.9972	1.0455	1.0167	1.0345	0.8597
2610	1.0501209438890218	YDR540C	YDL073W	YCR019W	1.0032	0.997	1.0535	1.0225	1.0436	0.8584
2611	1.0501192941963673	YJL077W-B	YER054C	YMR140W	1.012	0.976	1.0415	1.0246	1.0247	0.8599
2612	1.050116944432259	YKR098C	YKL146W	YAR028W	1.0018	0.9972	1.0393	1.008	1.0464	0.8597
2613	1.050116369470954	YMR084W	YDR358W	YLL017W	0.9935	0.9998	1.036	1.0243	1.0259	0.8572
2614	1.0501162946969271	YOL152W	YGL200C	YDL130W-A	0.9982	0.998	1.0362	1.0199	1.0206	0.8557
2615	1.0501160452961922	YGR274C	YIR038C	YLL017W	1.016	0.9962	1.036	0.9806	1.0414	0.8577
2616	1.0501158445477483	YPL272C	YNL035C	YCR014C	1.0048	1.0005	1.043	1.0093	1.0341	0.8537
2617	1.0501158195137978	YJL077W-B	YER054C	YHR136C	1.012	0.976	1.0362	1.02	1.0137	0.8599
2618	1.0501149189919232	YGL200C	YML112W	YAR028W	0.998	0.9963	1.0393	1.0218	1.0395	0.8583
2619	1.0501132194846867	YLR297W	YDR294C	YBR201W	1.0152	0.998	1.038	1.03	1.0291	0.8591
2620	1.0501121193319558	YLR231C	YGL033W	YMR195W	1.0122	0.988	1.0497	1.0221	1.0145	0.8568
2621	1.0501083946377041	YHR155W	YIL045W	YGL082W	0.9985	0.9975	1.0415	1.0204	1.0212	0.8571
2622	1.0501078947037457	YIL101C	YLL019C	YJL051W	1.0065	0.9965	1.0337	1.0205	1.0391	0.855
2623	1.0501064450740816	YDR196C	YKR064W	YCR061W	1.0005	0.9963	1.0415	0.9893	1.0161	0.8523
2624	1.0501052199453116	YOR118W	YER147C	YHR146W	1.004	0.9965	1.0395	1.0282	1.0239	0.8590000000000001
2625	1.0501029713898895	YJL091C	YGR206W	YMR140W	1.0155	0.9995	1.0415	0.9582	1.0251	0.8556
2626	1.0500994945317506	YLL019C	YDR196C	YDL130W-A	0.9965	1.0005	1.0362	1.0168	1.0164	0.8566
2627	1.050098918661475	YPR015C	YNL145W	YER180C	1.0157	0.991	1.0423	1.0242	1.042	0.8545
2628	1.0500983949303626	YMR094W	YIL079C	YCR061W	1.0145	0.99	1.0415	0.9923	1.018	0.8574
2629	1.0500977193862198	YDR518W	YIL064W	YMR140W	1.0105	0.9852	1.0415	1.0179	1.0203	0.8544
2630	1.050097570091486	YMR094W	YIL079C	YGL224C	1.0145	0.99	1.0415	0.9942	1.0254	0.8574
2631	1.0500968950092793	YMR094W	YIL079C	YPR030W	1.0145	0.99	1.0392	0.9926	1.0277	0.8574
2632	1.0500967696309091	YDR196C	YLR414C	YCR059C	1.0005	0.9975	1.0375	0.9992	1.0452	0.8571
2633	1.0500943460911512	YGR274C	YBR165W	YNL020C	1.016	1.0005	1.0435	0.9681	1.0298	0.8606
2634	1.0500915444791317	YDR270W	YKL004W	YFR032C	1.0115	0.9799	1.0373	1.0187	1.0219	0.8542
2635	1.050090795382857	YDR141C	YLR013W	YMR162C	1.0155	0.9947	1.0427	0.9758	1.0357	0.8540000000000001
2636	1.0500904191583396	YDR019C	YBR239C	YLR228C	1.0143	0.9925	1.04	1.0145	1.0421	0.858
2637	1.0500890699923038	YGR250C	YER147C	YHR146W	0.9935	0.9965	1.0395	0.9996	1.0239	0.8531
2638	1.050087693795562	YML043C	YOL124C	YGR146C	1.0211	0.9843	1.0375	1.0222	1.0406	0.8537
2639	1.0500874194949863	YLR297W	YDR294C	YMR140W	1.0152	0.998	1.0415	1.0318	1.0233	0.8591
2640	1.050086921259761	YJL091C	YHR202W	YMR140W	1.0155	0.9982	1.0415	0.9582	1.014	0.8568
2641	1.050085870027542	YER147C	YIL165C	YDL177C	0.9965	0.9947	1.0390000000000001	0.9981	1.0263	0.8608
2642	1.050085119113326	YKL078W	YLR214W	YDR480W	1.0125	0.9852	1.0412	1.0242	1.0263	0.8594
2643	1.0500833713412283	YDR180W	YJL201W	YHR146W	1.011	0.9942	1.0395	0.9656	1.0225	0.8579
2644	1.0500804203003646	YIL068C	YGL035C	YDL197C	1.0025	0.9942	1.035	1.0209	1.0235	0.8606
2645	1.0500803448557852	YDR141C	YOR228C	YGL224C	1.0155	0.988	1.0415	0.9995	1.0201	0.853
2646	1.05008034427464	YDR141C	YJL186W	YML029W	1.0155	0.9852	1.041	1.0214	1.0124	0.8533
2647	1.0500801951289178	YMR094W	YCL075W	YBR201W	1.0145	0.9905	1.038	0.9935	1.0258	0.8562
2648	1.0500741451084614	YMR094W	YIL079C	YBR201W	1.0145	0.99	1.038	0.9935	1.0264	0.8574
2649	1.0500720438808202	YOR112W	YPL016W	YOL013C	1.001	1.0005	1.0528	1.0224	1.0438	0.8532
2650	1.0500708200931548	YDR141C	YML101C	YAL030W	1.0155	0.9902	1.0405	0.9940000000000001	1.0263	0.8579
2651	1.0500707946568726	YGL200C	YML112W	YDL130W-A	0.998	0.9963	1.0362	1.0206	1.0216	0.8583
2652	1.0500694701373576	YPR056W	YCL049C	YBR201W	1.0025	0.997	1.038	0.9897	1.0299	0.8523
2653	1.0500692211538554	YDR141C	YIR007W	YLL017W	1.0155	0.9990000000000001	1.036	0.9590000000000001	1.015	0.856
2654	1.050068469583988	YDL085C-A	YGR008C	YOR237W	1.0195	0.9858	1.047	1.0191	1.0268	0.8603
2655	1.050068245112896	YGR274C	YBR138C	YLR228C	1.016	0.996	1.04	0.9793	1.0445	0.8567
2656	1.0500680943578482	YGR061C	YER147C	YCL027W	1.0025	0.9965	1.0585	1.025	1.0309	0.8538
2657	1.0500665954202413	YDR141C	YGR121C	YMR162C	1.0155	0.9938	1.0427	0.9758	1.0352	0.857
2658	1.050066319540143	YGR275W	YDR196C	YLR423C	0.998	1.0005	1.0377	1.0209	1.0306	0.8584
2659	1.0500644957721232	YGR274C	YOL031C	YCL064C	1.016	0.998	1.053	0.9803	1.0296	0.8553
2660	1.0500643939524887	YIL030C	YDR124W	YHR136C	1.0097	0.991	1.0362	1.0211	1.0366	0.853
2661	1.0500638440996408	YDR141C	YGR249W	YPR030W	1.0155	0.9875	1.0392	1.0133	1.04	0.8590000000000001
2662	1.0500612948536872	YPL016W	YDR534C	YAR028W	1.0005	1.0005	1.0393	0.9948	1.0316	0.8537
2663	1.0500582197010515	YOR393W	YOL031C	YCR107W	0.993	0.998	1.0390000000000001	1.0088	1.0132	0.8577
2664	1.0500565964132549	YDR180W	YBR205W	YHR006W	1.011	0.9967	1.0367	0.9583	1.0237	0.8566
2665	1.05005634509027	YDR534C	YPL016W	YCR014C	1.0005	1.0005	1.043	1.0279	1.0244	0.8537
2666	1.0500530945658684	YPL016W	YDR534C	YMR162C	1.0005	1.0005	1.0427	1.0088	1.0413	0.8537
2667	1.0500529195666313	YDR059C	YHR055C	YLR228C	0.9952	0.9965	1.04	1.0121	1.0208	0.8606
2668	1.0500517691224815	YIL045W	YHR155W	YDR266C	0.9975	0.9985	1.042	1.0271	1.0345	0.8571
2669	1.0500516694039106	YBL029C-A	YBR218C	YAL030W	1.0145	0.9948	1.0405	1.0307	1.0297	0.8573
2670	1.0500507940500974	YIL030C	YDR124W	YFR032C	1.0097	0.991	1.0373	1.0205	1.0382	0.853
2671	1.0500497697293758	YLR414C	YGR186W	YGL082W	0.9975	0.997	1.0415	1.0124	1.0269	0.8599
2672	1.0500487947016954	YGR206W	YDR196C	YDL130W-A	0.9995	1.0005	1.0362	1.0142	1.0164	0.8606
2673	1.050046793922782	YDR022C	YLR283W	YOR274W	1.001	0.9985	1.046	1.0229	1.0488	0.8602
2674	1.0500464940220118	YIL030C	YDR124W	YDR480W	1.0097	0.991	1.0412	1.0269	1.0327	0.853
2675	1.0500442457348107	YDR180W	YOR283W	YMR162C	1.011	0.995	1.0427	0.9745	1.0166	0.856
2676	1.0500438194721935	YOR180C	YER147C	YMR206W	0.9915	0.9965	1.043	1.0184	1.0303	0.8563
2677	1.0500436450242998	YKL059C	YDL186W	YOR274W	1.0035	0.9982	1.046	1.0106	1.0181	0.858
2678	1.0500406702905891	YPL016W	YDR534C	YGR288W	1.0005	1.0005	1.035	1.0194	1.0128	0.8537
2679	1.0500397690087555	YOR393W	YPR008W	YAL030W	0.993	0.998	1.0405	1.0208	1.0339	0.8567
2680	1.0500397445559502	YDR141C	YOR177C	YPR030W	1.0155	0.9790000000000001	1.0392	1.0133	1.0125	0.8586
2681	1.0500393962413073	YJL091C	YLR164W	YMR140W	1.0155	0.9977	1.0415	0.9582	1.0175	0.8537
2682	1.0500378952622411	YMR094W	YOR385W	YKL047W	1.0145	0.9957	1.0342	0.9949	1.0369	0.8573
2683	1.0500351696908474	YGR094W	YPR029C	YER187W	1.0105	0.9913	1.0393	1.0065	1.0321	0.8588
2684	1.0500345453023912	YBR155W	YJL201W	YDR466W	1.003	0.9942	1.048	1.004	1.0271	0.8553
2685	1.0500342193692922	YIL165C	YER147C	YDL130W-A	0.9947	0.9965	1.0362	1.025	1.0104	0.8608
2686	1.0500335941314698	YDR270W	YKL004W	YMR303C	1.0115	0.9799	1.0382	1.0232	1.0189	0.8542
2687	1.0500318448394537	YDR141C	YMR031C	YJL016W	1.0155	0.9865	1.0408	0.9990000000000001	1.0268	0.8565
2688	1.0500297189652918	YFL010C	YER147C	YIR018W	1.0112	0.9965	1.0452	1.0257	1.0088	0.8552
2689	1.0500286698937416	YGR186W	YLR414C	YER187W	0.997	0.9975	1.0393	1.0079	1.0241	0.8599
2690	1.0500273191779852	YKL078W	YLR214W	YGL224C	1.0125	0.9852	1.0415	1.0268	1.0192	0.8594
2691	1.0500250201523302	YDR196C	YKR064W	YCR026C	1.0005	0.9963	1.0455	1.0058	1.0159	0.8523
2692	1.050021694496274	YOR018W	YJL203W	YBR208C	0.9998	0.9975	1.0413	1.0255	1.0133	0.8608
2693	1.0500214941650627	YDR141C	YHL002W	YML029W	1.0155	0.9832	1.041	1.0214	1.0144	0.8528
2694	1.0500214448273182	YGR250C	YER147C	YLL010C	0.9935	0.9965	1.043	1.0066	1.0189	0.8531
2695	1.0500197947621346	YNL146C-A	YBR218C	YLL010C	0.996	0.9948	1.043	1.0	1.0145	0.8578
2696	1.0500189691781996	YJL077W-B	YER054C	YDR084C	1.012	0.976	1.04	1.0258	1.0185	0.8599
2697	1.0500187190324068	YPR056W	YCL049C	YCR026C	1.0025	0.997	1.0455	1.0213	1.0432	0.8523
2698	1.0500162448137995	YPR145W	YER147C	YCL002C	1.003	0.9965	1.0495	1.02	1.0096	0.8549
2699	1.050015143826604	YBL045C	YLL015W	YCR107W	1.0065	0.992	1.0390000000000001	1.0215	1.0381	0.86
2700	1.0500140200257302	YHR055C	YDR059C	YGL224C	0.9965	0.9952	1.0415	1.0027	1.0235	0.8606
2701	1.0500125710815191	YGR274C	YBR138C	YNL020C	1.016	0.996	1.0435	0.9681	1.0162	0.8567
2702	1.0500122197568418	YPL016W	YDR534C	YML016C	1.0005	1.0005	1.0368	0.9918	1.0337	0.8537
2703	1.050009569570422	YAR023C	YDR196C	YLR423C	0.993	1.0005	1.0377	1.0173	1.0306	0.8591
2704	1.0500086940675972	YLR266C	YOR393W	YGL224C	1.015	0.993	1.0415	1.0159	1.04	0.8596
2705	1.050008119791746	YDR059C	YHR055C	YOR190W	0.9952	0.9965	1.0375	0.9976	1.0209	0.8606
2706	1.0500041199326515	YJL091C	YDL114W	YML016C	1.0155	0.9923	1.0368	1.0077	1.0102	0.8549
2707	1.0500035698115826	YJL010C	YPL267W	YHR006W	1.016	0.9878	1.0367	1.0094	1.0281	0.8559
2708	1.0500029690116643	YJL010C	YPL267W	YDR266C	1.016	0.9878	1.042	1.0153	1.0422	0.8559
2709	1.0500012944489718	YBL045C	YLL015W	YML016C	1.0065	0.992	1.0368	1.0214	1.01	0.86
2710	1.0500000193715096	YJL077W-B	YER054C	YDL130W-A	1.012	0.976	1.0362	1.0274	1.0229	0.8599
2711	1.0499995450675488	YPL016W	YDR534C	YNL020C	1.0005	1.0005	1.0435	0.9945	1.0302	0.8537
2712	1.0499985694736242	YGR232W	YDR196C	YLR423C	0.9940000000000001	1.0005	1.0377	1.0204	1.0306	0.8584
2713	1.0499982964545491	YBR211C	YPL141C	YCL002C	1.0165	0.9967	1.0495	0.9667	1.0249	0.8537
2714	1.049995894357562	YBL045C	YLL015W	YGL082W	1.0065	0.992	1.0415	1.0175	1.0307	0.86
2715	1.0499955949187278	YMR094W	YOR161C	YHR092C	1.0145	0.992	1.0405	0.9959	1.0287	0.8537
2716	1.0499947949647903	YDR141C	YML020W	YAL030W	1.0155	0.9903	1.0405	0.9940000000000001	1.0195	0.8595
2717	1.0499937947392464	YOR393W	YPR008W	YCR020C	0.993	0.998	1.0395	0.9975	1.0209	0.8567
2718	1.0499935946762562	YML113W	YLR260W	YCR059C	1.0162	0.9815	1.0375	1.015	1.0104	0.8540000000000001
2719	1.049993194252253	YPR105C	YOR128C	YDR084C	1.0145	0.9815	1.04	1.0262	1.0222	0.8579
2720	1.0499924207776783	YDR180W	YKR052C	YMR162C	1.011	0.9952	1.0427	0.9745	1.0296	0.8562
2721	1.0499922693371773	YPR056W	YDR403W	YNL042W	1.0025	0.9952	1.04	1.0111	1.0495	0.8601
2722	1.049990846335888	YDR180W	YMR009W	YLL010C	1.011	1.0002	1.043	0.9571	1.0123	0.8586
2723	1.0499906201511622	YOR112W	YPL016W	YMR140W	1.001	1.0005	1.0415	0.9877	1.0158	0.8532
2724	1.049989920720458	YGR274C	YOR008C-A	YNL020C	1.016	0.998	1.0435	0.9681	1.0353	0.8607
2725	1.049988869458437	YDR141C	YNL098C	YJL016W	1.0155	0.998	1.0408	0.9990000000000001	1.0085	0.8590000000000001
2726	1.049987744912505	YDR540C	YDL073W	YCR100C	1.0032	0.997	1.035	1.0226	1.0215	0.8584
2727	1.049987169548869	YKR102W	YER147C	YDL130W-A	0.996	0.9965	1.0362	1.0156	1.0104	0.8592
2728	1.04998566955328	YPR056W	YDR403W	YOR215C	1.0025	0.9952	1.0445	1.0092	1.0398	0.8601
2729	1.0499805940538645	YDR059C	YHR055C	YML029W	0.9952	0.9965	1.041	1.0165	1.0473	0.8606
2730	1.0499801199734209	YGR274C	YBR138C	YCL051W	1.016	0.996	1.058	0.9848	1.0495	0.8567
2731	1.0499789697229862	YDR196C	YGR275W	YMR162C	1.0005	0.998	1.0427	0.9922	1.0354	0.8584
2732	1.0499756692796944	YGL200C	YOL152W	YBR149W	0.998	0.9982	1.0385	1.021	1.0317	0.8557
2733	1.0499753187894822	YJL155C	YKL196C	YGL082W	1.0132	0.9744	1.0415	1.0196	1.0388	0.861
2734	1.0499745198190211	YHR155W	YIL045W	YPR030W	0.9985	0.9975	1.0392	1.0118	1.0184	0.8571
2735	1.0499705693572758	YHR155W	YIL045W	YOR215C	0.9985	0.9975	1.0445	1.0242	1.0186	0.8571
2736	1.0499699191451073	YJL077W-B	YER054C	YGL224C	1.012	0.976	1.0415	1.0233	1.0104	0.8599
2737	1.0499683200120926	YMR084W	YDR358W	YAR028W	0.9935	0.9998	1.0393	1.0039	1.0263	0.8572
2738	1.0499675196260214	YBL045C	YLL015W	YHR146W	1.0065	0.992	1.0395	1.0144	1.0101	0.86
2739	1.0499667443037033	YBR255C-A	YKR013W	YPR030W	1.0045	0.9982	1.0392	1.0109	1.0494	0.8592
2740	1.0499660437107088	YDR141C	YPR129W	YML029W	1.0155	0.98	1.041	1.0214	1.0358	0.861
2741	1.0499647691547869	YLR156C-A	YJL106W	YHR136C	1.0205	0.9825	1.0362	1.0241	1.0286	0.8599
2742	1.0499615213423967	YDR180W	YFL011W	YHR006W	1.011	1.0008	1.0367	0.9583	1.0277	0.8597
2743	1.049961494266987	YDR012W	YJL030W	YAL030W	1.0105	0.9792	1.0405	1.0262	1.0123	0.8604
2744	1.0499614446312189	YLR164W	YER147C	YLL010C	0.9977	0.9965	1.043	1.0156	1.0189	0.8579
2745	1.0499589693397282	YDR012W	YPL236C	YCL033C	1.0105	0.9895	1.057	1.0248	1.0292	0.8575
2746	1.0499583445489409	YMR094W	YOR161C	YNL042W	1.0145	0.992	1.04	0.9993	1.0342	0.8537
2747	1.0499582449495792	YMR094W	YCL075W	YNL020C	1.0145	0.9905	1.0435	0.9947	1.0107	0.8562
2748	1.0499564455449582	YLR083C	YER147C	YJL051W	1.0095	0.9965	1.0337	1.0006	1.0301	0.8544
2749	1.0499563942700625	YHR155W	YIL045W	YMR140W	0.9985	0.9975	1.0415	1.02	1.0349	0.8571
2750	1.0499559711664916	YBR211C	YHR202W	YOR247W	1.0165	0.9982	1.0495	0.9668	1.0157	0.8524
2751	1.0499530450999737	YMR094W	YIL079C	YDR266C	1.0145	0.99	1.042	0.9885	1.0225	0.8574
2752	1.049952269271016	YLR164W	YER147C	YML029W	0.9977	0.9965	1.041	1.0169	1.0404	0.8579
2753	1.0499519193023443	YLR164W	YER147C	YCR014C	0.9977	0.9965	1.043	1.0272	1.0323	0.8579
2754	1.0499517694860696	YDR131C	YBR297W	YMR303C	1.0085	1.001	1.0382	1.0182	1.0193	0.8599
2755	1.0499502950608728	YIL068C	YGL035C	YCR099C	1.0025	0.9942	1.0515	1.01	1.0191	0.8606
2756	1.0499495964795351	YBR211C	YIR007W	YCL002C	1.0165	0.9990000000000001	1.0495	0.9667	1.0223	0.8563
2757	1.0499482694715259	YGL200C	YOL152W	YNL020C	0.998	0.9982	1.0435	1.0199	1.0307	0.8557
2758	1.0499445195794106	YDR141C	YBR293W	YJL016W	1.0155	0.9872	1.0408	0.9990000000000001	1.0314	0.8577
2759	1.0499436684995889	YIL030C	YDR124W	YLR228C	1.0097	0.991	1.04	1.0228	1.046	0.853
2760	1.0499434449374676	YBR218C	YNL146C-A	YAR028W	0.9948	0.996	1.0393	0.9952	1.0243	0.8578
2761	1.049941469296813	YLR183C	YDR196C	YDL130W-A	1.012	1.0005	1.0362	1.0311	1.0164	0.8527
2762	1.0499404689222571	YGR186W	YLR414C	YBR201W	0.997	0.9975	1.038	1.0198	1.0467	0.8599
2763	1.049939819201827	YER147C	YOR098C	YLL010C	0.9965	0.9945	1.043	1.0189	1.0327	0.8592
2764	1.0499390937834978	YMR084W	YDR358W	YGL082W	0.9935	0.9998	1.0415	1.0258	1.0472	0.8572
2765	1.0499387696683409	YDR196C	YLR046C	YMR162C	1.0005	0.9968	1.0427	0.9922	1.0375	0.8556
2766	1.0499384946525097	YDR196C	YGR232W	YMR162C	1.0005	0.9940000000000001	1.0427	0.9922	1.0385	0.8584
2767	1.04993669398129	YBR255C-A	YKR013W	YLR023C	1.0045	0.9982	1.0582	1.0268	1.0458	0.8592
2768	1.0499366711825129	YBR211C	YML060W	YMR161W	1.0165	0.998	1.0513	0.9663	1.0155	0.8567
2769	1.049936094492674	YJL010C	YPL267W	YCR020C	1.016	0.9878	1.0395	1.0046	1.0343	0.8559
2770	1.0499355202019214	YBR211C	YGR084C	YMR315W	1.0165	0.9895	1.045	0.9893	1.024	0.8546
2771	1.049932794764638	YNL146C-A	YKR027W	YOR274W	0.996	0.995	1.046	1.02	1.0246	0.8540000000000001
2772	1.0499327191859484	YER147C	YIL158W	YLL010C	0.9965	1.0005	1.043	1.0189	1.0327	0.8549
2773	1.0499309211820365	YMR094W	YBR218C	YAL030W	1.0145	0.9948	1.0405	0.9596	1.0297	0.8562
2774	1.0499288392961026	YLR297W	YDR294C	YER180C	1.0152	0.998	1.0423	1.1201	1.0235	0.8591
2775	1.0499271212667227	YDR180W	YMR009W	YHR006W	1.011	1.0002	1.0367	0.9583	1.028	0.8586
2776	1.0499262449443343	YER147C	YOR098C	YGL224C	0.9965	0.9945	1.0415	0.9964	1.0239	0.8592
2777	1.049923844233155	YKR064W	YDR196C	YLR423C	0.9963	1.0005	1.0377	1.0241	1.0306	0.8523
2778	1.049922220095992	YKL059C	YDL186W	YCR100C	1.0035	0.9982	1.035	1.0205	1.0172	0.858
2779	1.0499197453111409	YPL016W	YDR534C	YHR146W	1.0005	1.0005	1.0395	0.9846	1.0152	0.8537
2780	1.049918219745159	YDR059C	YHR055C	YCR061W	0.9952	0.9965	1.0415	0.9933	1.0187	0.8606
2781	1.0499168439060451	YPR015C	YJL203W	YLL017W	1.0157	0.9975	1.036	1.024	1.0499	0.8554
2782	1.049915744483471	YKL059C	YDL186W	YCR026C	1.0035	0.9982	1.0455	1.0132	1.0416	0.858
2783	1.0499147443622352	YPR169W	YHR046C	YOR274W	1.0125	0.9888	1.046	1.0255	1.0216	0.8589
2784	1.04991367046535	YGR274C	YIR038C	YDR466W	1.016	0.9962	1.048	0.977	1.0353	0.8577
2785	1.0499103686064482	YBR132C	YLR314C	YHR092C	1.0162	0.9844	1.0405	1.0233	1.0389	0.8536
2786	1.0499081690758465	YJL010C	YPL267W	YGL108C	1.016	0.9878	1.0482	1.0202	1.037	0.8559
2787	1.0499079940021037	YDR012W	YJL030W	YDR266C	1.0105	0.9792	1.042	1.0177	1.0333	0.8604
2788	1.0499074200093743	YML112W	YGL200C	YLL010C	0.9963	0.998	1.043	0.9993	1.025	0.8583
2789	1.0499052195250989	YER147C	YKR102W	YDL130W-A	0.9965	0.996	1.0362	1.0104	1.0156	0.8592
2790	1.0499040448367596	YGL200C	YML112W	YMR303C	0.998	0.9963	1.0382	1.0125	1.0289	0.8583
2791	1.0499038945138457	YLR058C	YDR196C	YDL130W-A	0.9925	1.0005	1.0362	1.0123	1.0164	0.8597
2792	1.0499038644135	YGR274C	YHL047C	YJL016W	1.016	1.0002	1.0408	1.1334	1.0252	0.8608
2793	1.0498998945057392	YBR255C-A	YKR013W	YML029W	1.0045	0.9982	1.041	0.9982	1.0488	0.8592
2794	1.0498997694849967	YKR077W	YLR314C	YBR208C	1.0088	0.9844	1.0413	1.0190000000000001	1.0251	0.8540000000000001
2795	1.0498995449841022	YER053C-A	YDR105C	YLL017W	0.9925	0.9997	1.036	1.0070000000000001	1.0263	0.8567
2796	1.0498982947468756	YDR196C	YBL043W	YCR061W	1.0005	0.9945	1.0415	0.9893	1.0351	0.861
2797	1.0498968443125487	YHR055C	YDR059C	YOL013C	0.9965	0.9952	1.0528	1.0209	1.0156	0.8606
2798	1.0498944444507359	YLR414C	YGR186W	YER045C	0.9975	0.997	1.054	1.0215	1.0138	0.8599
2799	1.0498902139663695	YDR019C	YJL203W	YBR208C	1.0143	0.9975	1.0413	1.1533	1.0133	0.8588
2800	1.049889795139432	YGL200C	YOL152W	YER187W	0.998	0.9982	1.0393	0.9989	1.0237	0.8557
2801	1.0498896436840297	YMR084W	YDR358W	YFR032C	0.9935	0.9998	1.0373	1.0221	1.0436	0.8572
2802	1.0498894457817078	YDR180W	YKR052C	YHR146W	1.011	0.9952	1.0395	0.9656	1.0346	0.8562
2803	1.049889269575477	YJL127C-B	YKR064W	YOR081C	1.0075	0.9963	1.0342	1.0254	1.0341	0.8556
2804	1.0498883457779886	YDR180W	YLR090W	YHR146W	1.011	0.9958	1.0395	0.9656	1.0336	0.8569
2805	1.0498883457779886	YDR180W	YGL249W	YHR146W	1.011	0.9958	1.0395	0.9656	1.0334	0.8564
2806	1.0498871191740036	YPR105C	YOR128C	YGL082W	1.0145	0.9815	1.0415	1.024	1.01	0.8579
2807	1.0498856195211412	YIL068C	YGL035C	YPR030W	1.0025	0.9942	1.0392	0.9883	1.0435	0.8606
2808	1.0498836950063706	YLR414C	YGR186W	YLL017W	0.9975	0.997	1.036	0.9994	1.0252	0.8599
2809	1.0498833893835546	YGR274C	YBL049W	YJL016W	1.016	0.9985	1.0408	1.1334	1.0276	0.8539
2810	1.049883094727993	YJL127C-B	YOR179C	YIR042C	1.0075	0.987	1.0357	1.0128	1.0124	0.8545
2811	1.0498827704638245	YPR056W	YDR403W	YCR100C	1.0025	0.9952	1.035	1.0163	1.0247	0.8601
2812	1.049881319820881	YKR027W	YNL146C-A	YGR146C	0.995	0.996	1.0375	1.002	1.0194	0.8540000000000001
2813	1.0498801951408383	YHR055C	YDR059C	YMR303C	0.9965	0.9952	1.0382	0.9996	1.0259	0.8606
2814	1.0498791950643065	YDR518W	YML112W	YBL032W	1.0105	0.9963	1.0343	0.9997	1.0459	0.861
2815	1.049879144847393	YER147C	YIL165C	YDL130W-A	0.9965	0.9947	1.0362	1.0104	1.025	0.8608
2816	1.0498764196932315	YIL030C	YDR124W	YMR303C	1.0097	0.991	1.0382	1.0124	1.0295	0.853
2817	1.0498709945380689	YDR196C	YBL003C	YMR162C	1.0005	1.0005	1.0427	0.9922	1.0454	0.8581
2818	1.0498707199692727	YMR094W	YCL075W	YDR266C	1.0145	0.9905	1.042	0.9885	1.0207	0.8562
2819	1.0498697686642409	YIL030C	YNR054C	YLR228C	1.0097	0.9789	1.04	1.0228	1.0362	0.861
2820	1.0498683208823203	YDR180W	YOR283W	YHR146W	1.011	0.995	1.0395	0.9656	1.0309	0.856
2821	1.0498678691536187	YNL146C-A	YBR218C	YNL020C	0.996	0.9948	1.0435	1.0165	1.0356	0.8578
2822	1.0498678450584409	YKR098C	YKL146W	YDR282C	1.0018	0.9972	1.0518	1.0077	1.0214	0.8597
2823	1.0498649944961072	YDR196C	YKR064W	YMR162C	1.0005	0.9963	1.0427	0.9922	1.0443	0.8523
2824	1.0498643444776534	YDR141C	YLR138W	YGL224C	1.0155	0.9890000000000001	1.0415	0.9995	1.0423	0.8595
2825	1.0498633444458247	YGL143C	YDR077W	YML029W	1.0075	0.9775	1.041	1.0179	1.0189	0.8541
2826	1.0498623695671558	YPL168W	YDR196C	YDL130W-A	0.9952	1.0005	1.0362	1.0095	1.0164	0.8539
2827	1.0498602187782526	YIL030C	YDR124W	YBR201W	1.0097	0.991	1.038	1.0212	1.0474	0.853
2828	1.049859369635582	YDR196C	YLR414C	YCR026C	1.0005	0.9975	1.0455	1.0058	1.0468	0.8571
2829	1.0498556463122366	YGR274C	YOL031C	YDR408C	1.016	0.998	1.0482	0.9654	1.0122	0.8553
2830	1.0498546688705683	YHR155W	YIL045W	YDL177C	0.9985	0.9975	1.0390000000000001	1.0271	1.0444	0.8571
2831	1.0498545185923578	YIL030C	YHR176W	YLR228C	1.0097	0.9852	1.04	1.0228	1.0387	0.8581
2832	1.0498527940362692	YJL203W	YHR057C	YBR208C	0.9975	0.996	1.0413	1.0133	1.0475	0.8579
2833	1.0498507198989393	YBR255C-A	YKR013W	YOR237W	1.0045	0.9982	1.047	1.0065	1.0322	0.8592
2834	1.0498504450023174	YGL200C	YOL152W	YML029W	0.998	0.9982	1.041	1.0077	1.0249	0.8557
2835	1.049850319802761	YJL203W	YGR206W	YDR266C	0.9975	0.9995	1.042	0.9935	1.0121	0.857
2836	1.0498502945005894	YJL077W-B	YER054C	YHR006W	1.012	0.976	1.0367	1.015	1.0299	0.8599
2837	1.0498488698601722	YDR196C	YGR206W	YCR061W	1.0005	0.9995	1.0415	0.9893	1.0314	0.8606
2838	1.0498472701609136	YMR094W	YIL079C	YOR274W	1.0145	0.99	1.046	1.0021	1.0247	0.8574
2839	1.049846119761467	YNL146C-A	YBR218C	YMR315W	0.996	0.9948	1.045	1.0046	1.0173	0.8578
2840	1.0498351442962883	YPR079W	YJL203W	YOR237W	0.992	0.9975	1.047	1.0235	1.0203	0.8548
2841	1.0498328694701196	YPR169W	YHR046C	YDR084C	1.0125	0.9888	1.04	1.0005	1.0376	0.8589
2842	1.049832719564438	YJL201W	YDR196C	YLR423C	0.9942	1.0005	1.0377	1.0127	1.0306	0.8549
2843	1.0498324446678162	YMR094W	YOR161C	YIR018W	1.0145	0.992	1.0452	1.0005	1.032	0.8537
2844	1.0498321186900141	YPR105C	YOR128C	YGL224C	1.0145	0.9815	1.0415	1.0265	1.0367	0.8579
2845	1.0498316437751056	YJL127C-B	YOR179C	YCR020C	1.0075	0.987	1.0395	1.0257	1.0364	0.8545
2846	1.0498309199213982	YIL045W	YHR155W	YMR303C	0.9975	0.9985	1.0382	1.0043	1.0183	0.8571
2847	1.0498284453749658	YBR211C	YGR250C	YMR303C	1.0165	0.9935	1.0382	0.9856	1.0278	0.8529
2848	1.049828194603324	YOR112W	YPL016W	YOR019W	1.001	1.0005	1.0347	1.0218	1.0374	0.8532
2849	1.0498276435881853	YIL045W	YHR155W	YML029W	0.9975	0.9985	1.041	1.0239	1.044	0.8571
2850	1.0498276193588971	YKR027W	YNL146C-A	YOR274W	0.995	0.996	1.046	1.0246	1.02	0.8540000000000001
2851	1.0498262701630594	YPR169W	YHR046C	YOR237W	1.0125	0.9888	1.047	1.0036	1.0255	0.8589
2852	1.0498237946927549	YMR084W	YDR358W	YHR092C	0.9935	0.9998	1.0405	1.0095	1.0283	0.8572
2853	1.04982054361701	YDR270W	YKL004W	YBR208C	1.0115	0.9799	1.0413	1.0267	1.0387	0.8542
2854	1.0498195697665214	YOR393W	YPR008W	YOR215C	0.993	0.998	1.0445	1.011	1.0277	0.8567
2855	1.0498189707398415	YMR094W	YBR218C	YCR107W	1.0145	0.9948	1.0390000000000001	0.9617	1.0386	0.8562
2856	1.0498186443746091	YLR266C	YOR393W	YDR266C	1.015	0.993	1.042	1.0113	1.0362	0.8596
2857	1.049815369427204	YPL016W	YDR534C	YHR092C	1.0005	1.0005	1.0405	1.0084	1.0498	0.8537
2858	1.049813569664955	YDR196C	YLL019C	YCR061W	1.0005	0.9965	1.0415	0.9893	1.0386	0.8566
2859	1.0498134693056345	YMR002W	YKL004W	YHR092C	1.0063	0.9799	1.0405	1.0219	1.0112	0.8566
2860	1.0498133696913718	YJL203W	YDR533C	YDR266C	0.9975	0.9937	1.042	0.9935	1.0173	0.8532
2861	1.0498127948343754	YPR056W	YDR403W	YMR195W	1.0025	0.9952	1.0497	1.0062	1.0343	0.8601
2862	1.0498126940131187	YGR094W	YPR029C	YAL030W	1.0105	0.9913	1.0405	1.0127	1.0446	0.8588
2863	1.0498120200037957	YKR027W	YNL146C-A	YML016C	0.995	0.996	1.0368	0.9917	1.024	0.8540000000000001
2864	1.0498110685944555	YIL092W	YGR238C	YAR028W	1.0102	0.975	1.0393	1.0193	1.0471	0.8595
2865	1.0498098202198745	YDR180W	YBL003C	YMR162C	1.011	1.0005	1.0427	0.9745	1.0454	0.8561
2866	1.0498081701397897	YGR274C	YLR050C	YOR237W	1.016	0.99	1.047	0.9962	1.0241	0.8557
2867	1.0498080445677045	YMR002W	YKL004W	YHR006W	1.0063	0.9799	1.0367	1.0172	1.0191	0.8566
2868	1.0498073443174365	YLR231C	YGL033W	YCR059C	1.0122	0.988	1.0375	1.0099	1.0422	0.8568
2869	1.049806694895029	YIL045W	YHR155W	YDR480W	0.9975	0.9985	1.0412	0.9991	1.0281	0.8571
2870	1.049804919779301	YDR196C	YJL201W	YCR026C	1.0005	0.9942	1.0455	1.0058	1.0423	0.8549
2871	1.0498044949173928	YMR094W	YOR161C	YCL033C	1.0145	0.992	1.057	1.0101	1.0278	0.8537
2872	1.0498036948293448	YIL158W	YER147C	YCL002C	1.0005	0.9965	1.0495	1.0161	1.0096	0.8549
2873	1.0498027962446213	YDR141C	YMR247C	YAR028W	1.0155	0.9943	1.0393	0.9575	1.0159	0.8599
2874	1.0498025692999364	YGL200C	YML112W	YBR208C	0.998	0.9963	1.0413	1.0132	1.0416	0.8583
2875	1.0498023700267076	YLR164W	YER147C	YDL130W-A	0.9977	0.9965	1.0362	0.9984	1.0104	0.8579
2876	1.049802321434021	YDR180W	YJL201W	YLL010C	1.011	0.9942	1.043	0.9571	1.0264	0.8579
2877	1.049802245110273	YLR266C	YOR393W	YMR161W	1.015	0.993	1.0513	1.005	1.0276	0.8596
2878	1.049801569506526	YKR098C	YKL146W	YBR201W	1.0018	0.9972	1.038	1.0279	1.0316	0.8597
2879	1.0498007962852718	YBR211C	YFL011W	YOR247W	1.0165	1.0008	1.0495	0.9668	1.0299	0.8564
2880	1.049799445465207	YBR155W	YJL201W	YER180C	1.003	0.9942	1.0423	0.9854	1.0226	0.8553
2881	1.0497990697920323	YMR084W	YDR358W	YMR303C	0.9935	0.9998	1.0382	0.993	1.0179	0.8572
2882	1.0497983693629502	YGL010W	YHR029C	YBR208C	1.0115	0.9840000000000001	1.0413	1.0151	1.0141	0.8582
2883	1.0497975953519345	YDR534C	YPL016W	YGR288W	1.0005	1.0005	1.035	1.0128	1.0194	0.8537
2884	1.049795719563961	YBR239C	YDR196C	YDL130W-A	0.9925	1.0005	1.0362	1.011	1.0164	0.8578
2885	1.0497935692369942	YDR059C	YHR055C	YMR140W	0.9952	0.9965	1.0415	1.0126	1.035	0.8606
2886	1.0497924445718527	YBL029C-A	YBR218C	YCL033C	1.0145	0.9948	1.057	1.0305	1.0275	0.8573
2887	1.0497904698252678	YGR250C	YER147C	YDL130W-A	0.9935	0.9965	1.0362	1.0027	1.0104	0.8531
2888	1.0497896443903447	YJL091C	YGR206W	YML016C	1.0155	0.9995	1.0368	1.0077	1.0081	0.8556
2889	1.0497858689874409	YDR141C	YLR433C	YPR030W	1.0155	0.9832	1.0392	1.0133	1.036	0.8564
2890	1.0497855695188043	YDR012W	YJL030W	YGL108C	1.0105	0.9792	1.0482	1.0195	1.025	0.8604
2891	1.0497852435112	YJL077W-B	YER054C	YMR315W	1.012	0.976	1.045	1.0238	1.0398	0.8599
2892	1.0497845443040132	YIL030C	YNR054C	YOR190W	1.0097	0.9789	1.0375	1.0251	1.0227	0.861
2893	1.04978329372406	YPR105C	YOR128C	YBR208C	1.0145	0.9815	1.0413	1.0252	1.0327	0.8579
2894	1.0497832702845336	YMR094W	YOR161C	YGR146C	1.0145	0.992	1.0375	0.9867	1.0269	0.8537
2895	1.0497793453633786	YDR141C	YML020W	YCR107W	1.0155	0.9903	1.0390000000000001	0.9854	1.0252	0.8595
2896	1.0497783188670873	YBL045C	YLL015W	YNL020C	1.0065	0.992	1.0435	1.0244	1.0321	0.86
2897	1.0497770195007323	YDR059C	YHR055C	YCR107W	0.9952	0.9965	1.0390000000000001	0.9986	1.0328	0.8606
2898	1.04977656981349	YOR393W	YOL031C	YBR149W	0.993	0.998	1.0385	1.0007	1.0174	0.8577
2899	1.0497764701545238	YMR094W	YIL079C	YOR247W	1.0145	0.99	1.0495	0.9961	1.0248	0.8574
2900	1.0497736944556235	YDR141C	YPL003W	YAL030W	1.0155	0.987	1.0405	0.9940000000000001	1.0347	0.8525
2901	1.0497726697921754	YJL203W	YOR018W	YDR266C	0.9975	0.9998	1.042	0.9935	1.0196	0.8608
2902	1.0497719436585904	YJL077W-B	YER054C	YMR303C	1.012	0.976	1.0382	1.0263	1.0421	0.8599
2903	1.0497715444117786	YPL016W	YDR534C	YOR190W	1.0005	1.0005	1.0375	1.0277	1.0357	0.8537
2904	1.0497680451571942	YDR540C	YDL073W	YOR019W	1.0032	0.997	1.0347	1.0131	1.0147	0.8584
2905	1.049767546236515	YDR180W	YBR218C	YLL010C	1.011	0.9948	1.043	0.9571	1.0145	0.8601
2906	1.0497672693580389	YGL143C	YMR096W	YCR020C	1.0075	0.983	1.0395	1.0184	1.0159	0.8547
2907	1.049766144096851	YPR169W	YHR046C	YCR059C	1.0125	0.9888	1.0375	1.0132	1.0442	0.8589
2908	1.0497652189880609	YJL203W	YOL024W	YBR208C	0.9975	0.9958	1.0413	1.0133	1.043	0.8606
2909	1.0497651692330838	YOR393W	YOL031C	YBR208C	0.993	0.998	1.0413	1.0125	1.0333	0.8577
2910	1.049764594629407	YJL039C	YDR435C	YIR042C	1.0070000000000001	0.9788	1.0357	1.0179	1.0113	0.8548
2911	1.0497575453072787	YPL272C	YNL035C	YCL034W	1.0048	1.0005	1.0355	1.0157	1.0229	0.8537
2912	1.0497565696239473	YLR414C	YGR186W	YML029W	0.9975	0.997	1.041	1.0104	1.0304	0.8599
2913	1.0497533949017523	YPR169W	YHR046C	YCL002C	1.0125	0.9888	1.0495	1.0103	1.0277	0.8589
2914	1.0497531448304651	YBR155W	YJL201W	YCL064C	1.003	0.9942	1.053	1.0015	1.0334	0.8553
2915	1.0497515196800231	YDR196C	YGL032C	YCR061W	1.0005	0.9998	1.0415	0.9893	1.0389	0.8561
2916	1.0497496201843024	YDR012W	YPL236C	YBR201W	1.0105	0.9895	1.038	0.987	1.0141	0.8575
2917	1.0497488946914673	YPR056W	YDR403W	YCL051W	1.0025	0.9952	1.058	1.0087	1.035	0.8601
2918	1.0497461695969106	YDR059C	YHR055C	YLL017W	0.9952	0.9965	1.036	1.0124	1.0304	0.8606
2919	1.0497439699470996	YOR393W	YOL031C	YMR303C	0.993	0.998	1.0382	1.0015	1.0103	0.8577
2920	1.0497437194138766	YIL030C	YNR054C	YDR480W	1.0097	0.9789	1.0412	1.0269	1.0128	0.861
2921	1.0497435698956252	YER147C	YLR164W	YBR201W	0.9965	0.9977	1.038	0.9888	1.0128	0.8579
2922	1.0497425702065228	YDR180W	YBR205W	YMR162C	1.011	0.9967	1.0427	0.9745	1.0463	0.8566
2923	1.0497402947247028	YML112W	YGL200C	YLL017W	0.9963	0.998	1.036	0.9962	1.0164	0.8583
2924	1.0497388685196638	YGR186W	YLR414C	YCR014C	0.997	0.9975	1.043	1.0236	1.0483	0.8599
2925	1.0497384947240354	YHR055C	YDR059C	YCR059C	0.9965	0.9952	1.0375	0.9959	1.0159	0.8606
2926	1.049737995818257	YJL091C	YLR030W	YMR140W	1.0155	0.9968	1.0415	0.9582	1.0372	0.8547
2927	1.0497362463772295	YDR141C	YGR121C	YOL013C	1.0155	0.9938	1.0528	0.9611	1.0127	0.857
2928	1.0497357441931965	YHR155W	YIL045W	YGL224C	0.9985	0.9975	1.0415	1.0152	1.0341	0.8571
2929	1.0497348440140484	YOL152W	YGL200C	YBR201W	0.9982	0.998	1.038	1.0205	1.0489	0.8557
2930	1.0497345443516968	YIL088C	YJR011C	YCR059C	1.0097	0.9740000000000001	1.0375	1.0259	1.013	0.8547
2931	1.0497318456619975	YGR274C	YML075C	YNL020C	1.016	0.995	1.0435	0.9681	1.0409	0.8535
2932	1.0497310697734354	YER147C	YOR098C	YIR018W	0.9965	0.9945	1.0452	1.0088	1.0104	0.8592
2933	1.049728668615222	YIL030C	YDR124W	YOR190W	1.0097	0.991	1.0375	1.0251	1.0468	0.853
2934	1.0497284445911643	YJL203W	YHR057C	YOR237W	0.9975	0.996	1.047	1.0203	1.0290000000000001	0.8579
2935	1.049725821316242	YDR180W	YOR283W	YGL108C	1.011	0.995	1.0482	0.9621	1.0138	0.856
2936	1.0497253209650517	YDR180W	YBR205W	YLL010C	1.011	0.9967	1.043	0.9571	1.0315	0.8566
2937	1.0497250442057848	YOR304C-A	YKL196C	YML029W	1.0095	0.9744	1.041	1.0268	1.0199	0.8548
2938	1.049724719017744	YPR169W	YHR046C	YMR315W	1.0125	0.9888	1.045	1.013	1.0457	0.8589
2939	1.0497240194678308	YJL091C	YBR295W	YML029W	1.0155	0.992	1.041	0.9942	1.0411	0.8556
2940	1.0497235949784516	YGL200C	YOL152W	YPR030W	0.998	0.9982	1.0392	1.0016	1.0290000000000001	0.8557
2941	1.049723593860865	YIL030C	YHR176W	YBR201W	1.0097	0.9852	1.038	1.0212	1.0353	0.8581
2942	1.0497235696613787	YDR019C	YJL203W	YLL017W	1.0143	0.9975	1.036	0.9954	1.0499	0.8588
2943	1.04972279509902	YOR118W	YER147C	YCL002C	1.004	0.9965	1.0495	1.0061	1.0096	0.8590000000000001
2944	1.0497224198281765	YJL203W	YML075C	YDR266C	0.9975	0.995	1.042	0.9935	1.0282	0.8537
2945	1.0497219700068234	YDL003W	YPR061C	YFR032C	1.0175	0.9748	1.0373	0.9964	1.0266	0.8595
2946	1.0497218196690083	YDR022C	YLR283W	YCR026C	1.001	0.9985	1.0455	1.0095	1.0363	0.8602
2947	1.049721419736743	YDR196C	YPL168W	YDL130W-A	1.0005	0.9952	1.0362	1.0164	1.0095	0.8539
2948	1.0497199688702823	YIL030C	YNR054C	YBR201W	1.0097	0.9789	1.038	1.0212	1.0334	0.861
2949	1.0497196962535382	YGR274C	YBR165W	YDR408C	1.016	1.0005	1.0482	0.9654	1.0211	0.8606
2950	1.0497194198817017	YDR012W	YPL236C	YHR073W	1.0105	0.9895	1.0347	1.0218	1.0225	0.8575
2951	1.0497191441208122	YHR155W	YIL045W	YLL010C	0.9985	0.9975	1.043	1.0154	1.0473	0.8571
2952	1.0497187197953464	YMR171C	YER147C	YHR073W	1.0048	0.9965	1.0347	1.0238	1.0115	0.8574
2953	1.0497178189307452	YHR055C	YDR059C	YOR296W	0.9965	0.9952	1.043	1.0157	1.0454	0.8606
2954	1.0497158712595702	YDR180W	YGR052W	YCL033C	1.011	1.0008	1.057	0.9692	1.0272	0.8581
2955	1.0497151438593866	YNR028W	YDR196C	YDL130W-A	1.0137	1.0005	1.0362	1.0338	1.0164	0.8541
2956	1.0497139195203782	YPL272C	YNL035C	YCR059C	1.0048	1.0005	1.0375	0.9923	1.0492	0.8537
2957	1.049711944937706	YGR274C	YJL133W	YOR237W	1.016	0.99	1.047	0.9962	1.0170000000000001	0.8590000000000001
2958	1.0497115691304209	YIL030C	YHR176W	YFR032C	1.0097	0.9852	1.0373	1.0205	1.0309	0.8581
2959	1.0497115443944929	YDR141C	YGR249W	YAL030W	1.0155	0.9875	1.0405	0.9940000000000001	1.0423	0.8590000000000001
2960	1.0497093949913978	YJL010C	YPL267W	YOR247W	1.016	0.9878	1.0495	1.0028	1.0195	0.8559
2961	1.0497082952558994	YBR211C	YPR201W	YMR303C	1.0165	0.988	1.0382	0.9856	1.0182	0.8573
2962	1.0497069707661868	YGR274C	YBL024W	YBR208C	1.016	0.9983	1.0413	0.9559	1.0341	0.8558
2963	1.0497041951715946	YGR274C	YIR038C	YCL064C	1.016	0.9962	1.053	0.9803	1.045	0.8577
2964	1.0497014195770025	YDR012W	YJL030W	YER180C	1.0105	0.9792	1.0423	1.0092	1.0154	0.8604
2965	1.049698719292879	YDR141C	YML101C	YGL224C	1.0155	0.9902	1.0415	0.9995	1.0447	0.8579
2966	1.049698418572545	YGL010W	YHR029C	YNL042W	1.0115	0.9840000000000001	1.04	1.0257	1.0385	0.8582
2967	1.0496968198120595	YER147C	YIL158W	YCR059C	0.9965	1.0005	1.0375	1.0004	1.0206	0.8549
2968	1.0496963450312613	YMR094W	YOR161C	YCL027W	1.0145	0.992	1.0585	1.0025	1.0202	0.8537
2969	1.0496960946321487	YBR211C	YOR161C	YMR315W	1.0165	0.992	1.045	0.9893	1.0357	0.8589
2970	1.0496944439560174	YDR141C	YDR502C	YPR030W	1.0155	0.9843	1.0392	1.0133	1.0407	0.8604
2971	1.0496919693946838	YPR105C	YOR128C	YCL002C	1.0145	0.9815	1.0495	1.0272	1.0278	0.8579
2972	1.0496917696595194	YIL165C	YER147C	YMR206W	0.9947	0.9965	1.043	1.0088	1.0303	0.8608
2973	1.049691544726491	YJL203W	YLR254C	YGL082W	0.9975	0.996	1.0415	0.9898	1.0145	0.8536
2974	1.0496899946033955	YDR196C	YBL043W	YCR026C	1.0005	0.9945	1.0455	1.0058	1.0445	0.861
2975	1.0496894208043814	YDR180W	YBL003C	YHR006W	1.011	1.0005	1.0367	0.9583	1.0415	0.8561
2976	1.0496882945746182	YJL039C	YDR435C	YER187W	1.0070000000000001	0.9788	1.0393	1.0144	1.0111	0.8548
2977	1.0496881958544255	YGL248W	YDR196C	YOR247W	1.014	1.0005	1.0495	0.963	1.036	0.8579
2978	1.0496881443411112	YPL111W	YJL203W	YBR208C	1.0065	0.9975	1.0413	1.031	1.0133	0.8559
2979	1.0496875707656146	YGR274C	YOL031C	YBR208C	1.016	0.998	1.0413	0.9559	1.0333	0.8553
2980	1.0496855642795562	YDR518W	YML112W	YBR201W	1.0105	0.9963	1.038	1.1103	1.0258	0.861
2981	1.049684488981962	YGR274C	YIR038C	YJL016W	1.016	0.9962	1.0408	1.1334	1.0097	0.8577
2982	1.0496817186325789	YMR084W	YDR358W	YHR006W	0.9935	0.9998	1.0367	1.0239	1.0462	0.8572
2983	1.0496816710531711	YJL127C-B	YKR064W	YGR288W	1.0075	0.9963	1.035	0.9833	1.0229	0.8556
2984	1.0496815941482782	YNL146C-A	YKR027W	YLR023C	0.996	0.995	1.0582	1.0189	1.0384	0.8540000000000001
2985	1.0496806707829236	YMR094W	YBR218C	YHR006W	1.0145	0.9948	1.0367	0.9723	1.0305	0.8562
2986	1.0496804951578378	YDR141C	YOR228C	YCR059C	1.0155	0.988	1.0375	0.9875	1.0229	0.853
2987	1.049677769765258	YBR255C-A	YKR013W	YOR019W	1.0045	0.9982	1.0347	1.0208	1.0319	0.8592
2988	1.0496770439296959	YGL010W	YHR029C	YCR061W	1.0115	0.9840000000000001	1.0415	1.0146	1.0409	0.8582
2989	1.0496767462044954	YDR180W	YOR283W	YHR006W	1.011	0.995	1.0367	0.9583	1.0306	0.856
2990	1.0496767462044954	YDR180W	YBR218C	YHR006W	1.011	0.9948	1.0367	0.9583	1.0305	0.8601
2991	1.0496766941547393	YPL147W	YLR314C	YER180C	1.0072	0.9844	1.0423	1.0251	1.0272	0.8540000000000001
2992	1.0496756440848114	YIL030C	YNR054C	YGL224C	1.0097	0.9789	1.0415	1.0253	1.0154	0.861
2993	1.0496755946427585	YGR186W	YLR414C	YER045C	0.997	0.9975	1.054	1.0138	1.0215	0.8599
2994	1.0496750713586809	YGR274C	YML070W	YDR408C	1.016	0.9962	1.0482	0.9654	1.0267	0.8595
2995	1.0496750198751688	YOR118W	YER147C	YHR073W	1.004	0.9965	1.0347	1.025	1.0115	0.8590000000000001
2996	1.0496749700754882	YDL003W	YOR040W	YML016C	1.0175	0.9742	1.0368	0.9998	1.0254	0.8529
2997	1.04967496997118	YIL045W	YHR155W	YCR059C	0.9975	0.9985	1.0375	0.9957	1.0224	0.8571
2998	1.0496743693649768	YNL007C	YER147C	YCR014C	0.993	0.9965	1.043	1.0115	1.0323	0.8563
2999	1.0496743693649768	YGR250C	YER147C	YCR014C	0.9935	0.9965	1.043	1.0118	1.0323	0.8531
3000	1.0496740702688694	YPR169W	YHR046C	YMR140W	1.0125	0.9888	1.0415	0.9849	1.0111	0.8589
3001	1.0496738193631172	YGL200C	YOL152W	YMR303C	0.998	0.9982	1.0382	1.0125	1.0405	0.8557
3002	1.0496732448041441	YMR084W	YDR358W	YBR201W	0.9935	0.9998	1.038	1.0046	1.0290000000000001	0.8572
3003	1.0496726201474669	YDR141C	YPL003W	YCR107W	1.0155	0.987	1.0390000000000001	0.9854	1.0146	0.8525
3004	1.0496722698658705	YNL007C	YER147C	YDL130W-A	0.993	0.9965	1.0362	0.9904	1.0104	0.8563
3005	1.0496703443527222	YDR059C	YHR055C	YDR266C	0.9952	0.9965	1.042	0.9966	1.0332	0.8606
3006	1.0496693691909311	YER053C-A	YDR105C	YMR206W	0.9925	0.9997	1.043	1.0129	1.0365	0.8567
3007	1.0496674197763205	YML043C	YOL124C	YCL051W	1.0211	0.9843	1.058	1.0149	1.0254	0.8537
3008	1.0496655436605211	YJL127C-B	YOR179C	YAL030W	1.0075	0.987	1.0405	1.0196	1.0428	0.8545
3009	1.049664594516158	YDR059C	YHR055C	YOL013C	0.9952	0.9965	1.0528	1.0156	1.0209	0.8606
3010	1.0496645704954863	YDR022C	YLR283W	YBL032W	1.001	0.9985	1.0343	1.0177	1.0235	0.8602
3011	1.0496644697785378	YER147C	YLR164W	YCR019W	0.9965	0.9977	1.0535	1.0118	1.0124	0.8579
3012	1.049664246454835	YDR180W	YHL040C	YCL027W	1.011	0.9995	1.0585	0.9578	1.0123	0.8547
3013	1.049663744240999	YER147C	YLR164W	YDL177C	0.9965	0.9977	1.0390000000000001	0.9981	1.0448	0.8579
3014	1.0496622192114593	YKR102W	YER147C	YCL027W	0.996	0.9965	1.0585	1.0208	1.0309	0.8592
3015	1.04966204585135	YBR211C	YPL141C	YOR247W	1.0165	0.9967	1.0495	0.9668	1.0407	0.8537
3016	1.04966204585135	YBR211C	YOR171C	YMR161W	1.0165	0.9995	1.0513	0.9663	1.0413	0.8544
3017	1.04966204585135	YBR211C	YLL026W	YCL002C	1.0165	0.997	1.0495	0.9667	1.041	0.8529
3018	1.04966204585135	YBR211C	YER134C	YOR247W	1.0165	0.9988	1.0495	0.9668	1.0404	0.8543
3019	1.0496615937203169	YIL045W	YHR155W	YOR190W	0.9975	0.9985	1.0375	1.0253	1.044	0.8571
3020	1.0496598444879055	YIL068C	YGL035C	YCL027W	1.0025	0.9942	1.0585	1.0073	1.0476	0.8606
3021	1.049659019574523	YJL039C	YLL024C	YER187W	1.0070000000000001	0.982	1.0393	1.0144	1.0227	0.8539
3022	1.0496588694155218	YNL146C-A	YKR027W	YBR208C	0.996	0.995	1.0413	1.0026	1.0381	0.8540000000000001
3023	1.0496588694155218	YNL146C-A	YBR218C	YMR140W	0.996	0.9948	1.0415	1.0	1.0409	0.8578
3024	1.0496574445515872	YIL030C	YDR124W	YOL013C	1.0097	0.991	1.0528	1.0151	1.0122	0.853
3025	1.0496540951430795	YGR274C	YGL249W	YCL064C	1.016	0.9958	1.053	0.9803	1.0438	0.855
3026	1.049652969121933	YDR012W	YPL236C	YLR228C	1.0105	0.9895	1.04	1.0092	1.0441	0.8575
3027	1.0496525695323944	YIL030C	YHR176W	YMR315W	1.0097	0.9852	1.045	1.014	1.0127	0.8581
3028	1.049652094706893	YJL127C-B	YOR179C	YCL002C	1.0075	0.987	1.0495	1.0137	1.0251	0.8545
3029	1.0496507205069063	YMR094W	YOR385W	YDR084C	1.0145	0.9957	1.04	0.9659	1.0451	0.8573
3030	1.049649870082736	YLR156C-A	YJL106W	YML016C	1.0205	0.9825	1.0368	1.0011	1.0264	0.8599
3031	1.0496496692895891	YMR094W	YCL075W	YHR092C	1.0145	0.9905	1.0405	0.9959	1.0456	0.8562
3032	1.04964874432981	YOR180C	YER147C	YCL027W	0.9915	0.9965	1.0585	1.0190000000000001	1.0309	0.8563
3033	1.049647919729352	YER053C-A	YDR105C	YMR140W	0.9925	0.9997	1.0415	0.9884	1.0202	0.8567
3034	1.0496468442082405	YKL029C	YML015C	YOR296W	1.0082	0.9865	1.043	1.0257	1.0105	0.8579
3035	1.0496433943361043	YMR094W	YGR100W	YOR215C	1.0145	0.9865	1.0445	1.0063	1.0341	0.8575
3036	1.0496431449353696	YGL010W	YHR029C	YPR030W	1.0115	0.9840000000000001	1.0392	1.0002	1.0121	0.8582
3037	1.0496426448374987	YDL003W	YOR128C	YFR032C	1.0175	0.9815	1.0373	0.9964	1.0187	0.8585
3038	1.049641969978809	YGR274C	YLL028W	YOR237W	1.016	0.9922	1.047	0.9962	1.0299	0.8536
3039	1.0496416441798209	YIL030C	YHR176W	YGL224C	1.0097	0.9852	1.0415	1.0253	1.0142	0.8581
3040	1.049639369636774	YBR211C	YGR250C	YMR315W	1.0165	0.9935	1.045	0.9893	1.0415	0.8529
3041	1.049639119654894	YPR105C	YOR128C	YDR466W	1.0145	0.9815	1.048	1.0142	1.0258	0.8579
3042	1.0496346936970948	YML112W	YGL200C	YBR201W	0.9963	0.998	1.038	1.0258	1.0489	0.8583
3043	1.0496344203650951	YJL091C	YPL204W	YLR228C	1.0155	0.993	1.04	0.9828	1.0186	0.8609
3044	1.0496338201612234	YDR141C	YLR138W	YCR059C	1.0155	0.9890000000000001	1.0375	0.9875	1.0217	0.8595
3045	1.0496332448124883	YPR169W	YHR046C	YOR247W	1.0125	0.9888	1.0495	1.0103	1.0206	0.8589
3046	1.0496330187171696	YML043C	YOL124C	YDR266C	1.0211	0.9843	1.042	1.0172	1.0479	0.8537
3047	1.049632744267583	YAR050W	YJL203W	YBR208C	1.0062	0.9975	1.0413	1.0316	1.0133	0.8549
3048	1.0496320696324108	YPR056W	YCL049C	YOR019W	1.0025	0.997	1.0347	1.0267	1.0337	0.8523
3049	1.0496313197016716	YKL078W	YLR214W	YML016C	1.0125	0.9852	1.0368	1.0093	1.0169	0.8594
3050	1.0496312936395409	YKL078W	YLR214W	YIR042C	1.0125	0.9852	1.0357	1.0248	1.0377	0.8594
3051	1.0496281448751688	YDR141C	YFL020C	YGL224C	1.0155	0.9790000000000001	1.0415	0.9995	1.0133	0.858
3052	1.0496279445588588	YKR010C	YDL060W	YNL020C	1.0165	0.9724	1.0435	1.0232	1.0266	0.8585
3053	1.0496263697594403	YBR255C-A	YKR013W	YML120C	1.0045	0.9982	1.0347	1.024	1.0105	0.8592
3054	1.049624894335866	YHR104W	YGL035C	YLL010C	1.0152	0.9942	1.043	0.9975	1.0053	0.8586
3055	1.0496236193776132	YGR250C	YER147C	YML029W	0.9935	0.9965	1.041	0.9991	1.0404	0.8531
3056	1.0496213195770978	YKR095W	YKL065C	YNL020C	1.011	0.9695	1.0435	1.0226	1.0255	0.8571
3057	1.0496211192905904	YOR180C	YER147C	YML029W	0.9915	0.9965	1.041	0.9967	1.0404	0.8563
3058	1.04962019495666	YLR266C	YOR393W	YHR073W	1.015	0.993	1.0347	1.0182	1.0109	0.8596
3059	1.0496195449680088	YGL032C	YDR196C	YLR423C	0.9998	1.0005	1.0377	1.0062	1.0306	0.8561
3060	1.0496186948865651	YMR094W	YGR100W	YOR274W	1.0145	0.9865	1.046	1.0021	1.0132	0.8575
3061	1.0496149945557116	YJL010C	YPL267W	YHR136C	1.016	0.9878	1.0362	0.9893	1.0338	0.8559
3062	1.0496135701984168	YDR180W	YGL249W	YMR162C	1.011	0.9958	1.0427	0.9745	1.0434	0.8564
3063	1.049613044768572	YPL168W	YDR196C	YLR423C	0.9952	1.0005	1.0377	1.0047	1.0306	0.8539
3064	1.049612168982625	YNL146C-A	YBR218C	YLR023C	0.996	0.9948	1.0582	1.0189	1.0452	0.8578
3065	1.0496107212752104	YDR180W	YBR218C	YCL033C	1.011	0.9948	1.057	0.9692	1.0275	0.8601
3066	1.0496039693504573	YOR382W	YJL203W	YLL017W	1.006	0.9975	1.036	1.0146	1.0499	0.8545
3067	1.0496031940281392	YIL030C	YHR176W	YDR480W	1.0097	0.9852	1.0412	1.0269	1.0307	0.8581
3068	1.0496031692922116	YOR390W	YOL054W	YHR092C	1.0095	0.9835	1.0405	1.0261	1.0126	0.8544
3069	1.0496020945012572	YJL039C	YLL024C	YDR084C	1.0070000000000001	0.982	1.04	1.0123	1.0187	0.8539
3070	1.0496020696014166	YGL200C	YOL152W	YGR146C	0.998	0.9982	1.0375	1.0069	1.0346	0.8557
3071	1.0496005201339722	YDR141C	YBR293W	YCR107W	1.0155	0.9872	1.0390000000000001	0.9854	1.0162	0.8577
3072	1.0495996458232404	YDR180W	YGR021W	YLL010C	1.011	0.9963	1.043	0.9571	1.0358	0.8545
3073	1.0495991140007974	YDR518W	YML112W	YDL130W-A	1.0105	0.9963	1.0362	1.1194	1.0216	0.861
3074	1.049598293915391	YDR059C	YHR055C	YOR237W	0.9952	0.9965	1.047	1.0251	1.0412	0.8606
3075	1.049598244562745	YOR226C	YPL016W	YOR019W	1.0055	1.0005	1.0347	1.0270000000000001	1.0374	0.8589
3076	1.049596869662404	YDR518W	YMR037C	YOR237W	1.0105	0.983	1.047	1.0132	1.0252	0.8602
3077	1.0495947941094637	YJL203W	YGR206W	YOR237W	0.9975	0.9995	1.047	1.0203	1.0377	0.857
3078	1.0495944442898035	YDR141C	YMR031C	YAL030W	1.0155	0.9865	1.0405	0.9940000000000001	1.0329	0.8565
3079	1.0495928697437047	YMR094W	YHR159W	YNL042W	1.0145	0.9747	1.04	0.9993	1.0152	0.8552
3080	1.0495928697437047	YDR141C	YBR042C	YGL224C	1.0155	0.9748	1.0415	0.9995	1.0148	0.86
3081	1.0495902185589074	YGL143C	YMR096W	YBR208C	1.0075	0.983	1.0413	1.0237	1.041	0.8547
3082	1.0495899198800327	YDR141C	YPR129W	YGL224C	1.0155	0.98	1.0415	0.9995	1.0183	0.861
3083	1.0495881961137057	YGR274C	YPL273W	YBR208C	1.016	0.995	1.0413	0.9559	1.0306	0.8595
3084	1.0495880946218967	YMR094W	YCL075W	YOR237W	1.0145	0.9905	1.047	1.0066	1.0335	0.8562
3085	1.0495870948582886	YOL016C	YJL203W	YBR208C	1.0055	0.9975	1.0413	1.0284	1.0133	0.8584
3086	1.0495868948698044	YER147C	YIL158W	YCR019W	0.9965	1.0005	1.0535	1.0118	1.0268	0.8549
3087	1.0495846951305865	YOR033C	YER147C	YCL002C	1.002	0.9965	1.0495	0.9958	1.0096	0.8563
3088	1.04958426374197	YDR518W	YML112W	YHR006W	1.0105	0.9963	1.0367	1.1356	1.015	0.861
3089	1.0495834195762872	YHR155W	YIL045W	YCR020C	0.9985	0.9975	1.0395	1.0058	1.0372	0.8571
3090	1.0495828948915005	YBR211C	YMR010W	YMR303C	1.0165	0.9915	1.0382	0.9856	1.0353	0.8569
3091	1.0495826694369317	YKR027W	YNL146C-A	YOR190W	0.995	0.996	1.0375	1.0037	1.0338	0.8540000000000001
3092	1.049581820562482	YPR145W	YER147C	YLL010C	1.003	0.9965	1.043	0.9825	1.0189	0.8549
3093	1.0495815707594156	YJL091C	YBR125C	YMR140W	1.0155	0.9958	1.0415	0.9582	1.04	0.8541
3094	1.0495798192620276	YOR098C	YER147C	YML029W	0.9945	0.9965	1.041	1.0075	1.0404	0.8592
3095	1.0495792695879935	YOR112W	YPL016W	YCR099C	1.001	1.0005	1.0515	0.998	1.0438	0.8532
3096	1.0495791943073272	YLR407W	YLR168C	YDR084C	1.021	0.9203	1.04	1.0219	1.0176	0.8577
3097	1.0495775448381899	YJL091C	YGR141W	YML016C	1.0155	0.9838	1.0368	1.0077	1.0264	0.8588
3098	1.0495774192065002	YDR059C	YHR055C	YOR247W	0.9952	0.9965	1.0495	1.0186	1.0347	0.8606
3099	1.0495771199017765	YDL003W	YOR040W	YOR296W	1.0175	0.9742	1.043	0.9906	1.0271	0.8529
3100	1.0495761189013721	YAR023C	YDR196C	YOR247W	0.993	1.0005	1.0495	1.0236	1.036	0.8591
3101	1.0495745941698549	YML112W	YGL200C	YAL030W	0.9963	0.998	1.0405	1.0086	1.0457	0.8583
3102	1.0495745697915555	YIL045W	YHR155W	YGL108C	0.9975	0.9985	1.0482	1.0052	1.0151	0.8571
3103	1.0495730194747448	YMR292W	YNR060W	YAR028W	1.0095	0.9998	1.0393	0.9976	1.0077	0.8562
3104	1.0495721442848445	YKR027W	YNL146C-A	YCL002C	0.995	0.996	1.0495	1.0176	1.0345	0.8540000000000001
3105	1.0495708692371846	YFR007W	YJR155W	YAR028W	1.0152	0.988	1.0393	0.9979	1.0477	0.8544
3106	1.0495708442777394	YMR094W	YGR100W	YIR018W	1.0145	0.9865	1.0452	1.0005	1.0424	0.8575
3107	1.049570694833994	YGL010W	YHR029C	YCR107W	1.0115	0.9840000000000001	1.0390000000000001	1.0038	1.0197	0.8582
3108	1.0495703199654818	YJL203W	YDR533C	YFR032C	0.9975	0.9937	1.0373	0.9887	1.0219	0.8532
3109	1.049570270240307	YMR094W	YOR161C	YCR059C	1.0145	0.992	1.0375	0.9864	1.0291	0.8537
3110	1.0495678688436745	YKL029C	YJL203W	YLL017W	1.0082	0.9975	1.036	1.0238	1.0499	0.8541
3111	1.0495676198601722	YLR164W	YER147C	YCR019W	0.9977	0.9965	1.0535	1.0124	1.0118	0.8579
3112	1.0495672944784165	YOR390W	YOL054W	YMR303C	1.0095	0.9835	1.0382	1.0133	1.0301	0.8544
3113	1.049564320832491	YDR180W	YFL011W	YGL108C	1.011	1.0008	1.0482	0.9621	1.0331	0.8597
3114	1.0495632707625626	YJL091C	YGR121C	YMR140W	1.0155	0.9938	1.0415	0.9582	1.0385	0.853
3115	1.0495614695698023	YJL127C-B	YOR179C	YGL108C	1.0075	0.987	1.0482	1.0155	1.014	0.8545
3116	1.049561044663191	YLL019C	YDR196C	YLR423C	0.9965	1.0005	1.0377	1.0078	1.0306	0.8566
3117	1.0495605951845646	YGR274C	YKR102W	YCL064C	1.016	0.996	1.053	0.9803	1.0475	0.8541
3118	1.0495604698956011	YOR393W	YPR008W	YLR023C	0.993	0.998	1.0582	1.0043	1.0178	0.8567
3119	1.0495577948838473	YMR094W	YBR215W	YCR061W	1.0145	0.9735	1.0415	0.9923	1.0257	0.8528
3120	1.0495574697703125	YDR141C	YBR086C	YGL224C	1.0155	0.9738	1.0415	0.9995	1.0286	0.8523
3121	1.0495560687333343	YOR393W	YPR008W	YIR042C	0.993	0.998	1.0357	1.0207	1.0486	0.8567
3122	1.049552094399929	YJL127C-B	YOR179C	YGL082W	1.0075	0.987	1.0415	1.0013	1.0351	0.8545
3123	1.049550420403481	YPL272C	YNL035C	YML120C	1.0048	1.0005	1.0347	1.0054	1.0104	0.8537
3124	1.0495499698519708	YBR211C	YGR033C	YMR303C	1.0165	0.9887	1.0382	0.9856	1.0331	0.8573
3125	1.0495459204465152	YKL175W	YDR196C	YDL130W-A	1.0042	1.0005	1.0362	0.9826	1.0164	0.86
3126	1.0495432193875314	YER147C	YKR102W	YGL224C	0.9965	0.996	1.0415	0.9964	1.037	0.8592
3127	1.0495426941365005	YKR027W	YNL146C-A	YCR099C	0.995	0.996	1.0515	1.0177	1.0425	0.8540000000000001
3128	1.0495406444966795	YJL039C	YDR435C	YDR084C	1.0070000000000001	0.9788	1.04	1.0123	1.0147	0.8548
3129	1.0495391192883252	YMR094W	YGR100W	YNL020C	1.0145	0.9865	1.0435	0.9947	1.0345	0.8575
3130	1.0495388442575933	YJL010C	YPL267W	YIR018W	1.016	0.9878	1.0452	1.0051	1.0428	0.8559
3131	1.0495360954552888	YGR274C	YGL249W	YNL020C	1.016	0.9958	1.0435	0.9681	1.0446	0.855
3132	1.0495350697785617	YDR141C	YBR042C	YJL016W	1.0155	0.9748	1.0408	0.9990000000000001	1.0165	0.86
3133	1.0495339688062668	YDR141C	YMR180C	YPR030W	1.0155	0.9775	1.0392	1.0133	1.0464	0.853
3134	1.0495333695411684	YBR211C	YPR201W	YMR315W	1.0165	0.988	1.045	0.9893	1.0405	0.8573
3135	1.0495329449623825	YPL016W	YDR534C	YLR423C	1.0005	1.0005	1.0377	0.9861	1.0391	0.8537
3136	1.0495312948673965	YDL003W	YPL033C	YFR032C	1.0175	0.9785	1.0373	0.9964	1.0202	0.8545
3137	1.0495304945111277	YOR034C	YKL021C	YML120C	1.0168	0.9859	1.0347	1.0224	1.0211	0.8567
3138	1.0495292712002993	YGR274C	YLR283W	YCR019W	1.016	0.9985	1.0535	0.956	1.0152	0.8545
3139	1.0495272208601236	YDR180W	YPR005C	YHR006W	1.011	0.9953	1.0367	0.9583	1.0364	0.8562
3140	1.0495272193551064	YER147C	YLR164W	YIR018W	0.9965	0.9977	1.0452	1.0088	1.0354	0.8579
3141	1.049527169778943	YBR069C	YNL146C-A	YHR092C	1.005	0.996	1.0405	1.0290000000000001	1.0296	0.858
3142	1.0495271194279194	YER147C	YKR102W	YCR059C	0.9965	0.996	1.0375	1.0004	1.0415	0.8592
3143	1.0495269943475722	YDR270W	YBR077C	YNL020C	1.0115	0.897	1.0435	1.0227	1.0226	0.8565
3144	1.0495262949168682	YPR056W	YCL049C	YOR247W	1.0025	0.997	1.0495	0.9883	1.0313	0.8523
3145	1.0495256447345018	YIL043C	YDR196C	YDL130W-A	0.9917	1.0005	1.0362	0.9899	1.0164	0.8607
3146	1.049524789005518	YPL058C	YER147C	YCL002C	1.0190000000000001	0.9965	1.0495	1.1136	1.0096	0.8607
3147	1.0495245951861143	YGR274C	YHL047C	YDR466W	1.016	1.0002	1.048	0.977	1.048	0.8608
3148	1.0495224448889493	YMR094W	YDR178W	YCR061W	1.0145	0.9783	1.0415	0.9923	1.0235	0.8537
3149	1.049522244066	YML112W	YGL200C	YMR162C	0.9963	0.998	1.0427	1.0107	1.0436	0.8583
3150	1.049520594254136	YHR106W	YNR054C	YDR480W	1.0092	0.9789	1.0412	1.0254	1.0128	0.8596
3151	1.0495201443582771	YGR052W	YDR106W	YNL042W	1.0008	0.9875	1.04	1.0225	1.0234	0.8608
3152	1.0495171708017588	YDR180W	YPR037C	YHR006W	1.011	0.996	1.0367	0.9583	1.0383	0.856
3153	1.0495162963718174	YDR180W	YGR052W	YCL027W	1.011	1.0008	1.0585	0.9578	1.0176	0.8581
3154	1.049515768200159	YPR015C	YNL004W	YER180C	1.0157	0.9773	1.0423	1.0242	1.0436	0.8563
3155	1.049515319943428	YBR211C	YGL150C	YMR303C	1.0165	0.988	1.0382	0.9856	1.0324	0.8553
3156	1.0495144964307546	YGR274C	YDR358W	YCR019W	1.016	0.9998	1.0535	0.956	1.0224	0.8539
3157	1.0495142204761505	YMR094W	YBR218C	YOR296W	1.0145	0.9948	1.043	0.9657	1.0443	0.8562
3158	1.0495139695703983	YLR309C	YIL027C	YDR480W	1.0187	0.897	1.0412	1.0138	1.0133	0.8564
3159	1.0495135199576615	YMR094W	YPR129W	YBR201W	1.0145	0.98	1.038	0.9935	1.0259	0.8555
3160	1.049512794807553	YER056C	YNR068C	YIR018W	1.011	1.0215	1.0452	1.0242	1.0181	0.8597
3161	1.0495126945972444	YGR274C	YPR029C	YOR237W	1.016	0.9913	1.047	0.9962	1.0349	0.8547
3162	1.0495118195414543	YOR393W	YPR008W	YBR149W	0.993	0.998	1.0385	1.0007	1.0337	0.8567
3163	1.0495112391114234	YGR044C	YDR196C	YLR423C	1.014	1.0005	1.0377	1.1505	1.0306	0.8532
3164	1.049511020153761	YPL016W	YDR534C	YDL197C	1.0005	1.0005	1.035	1.0066	1.0416	0.8537
3165	1.049510645866394	YDR141C	YNL098C	YOL013C	1.0155	0.998	1.0528	0.9611	1.0371	0.8590000000000001
3166	1.049510569795966	YDR141C	YPR129W	YJL016W	1.0155	0.98	1.0408	0.9990000000000001	1.0166	0.861
3167	1.049510569795966	YDR141C	YOR177C	YJL016W	1.0155	0.9790000000000001	1.0408	0.9990000000000001	1.0159	0.8586
3168	1.049510569795966	YDR141C	YOR177C	YGL224C	1.0155	0.9790000000000001	1.0415	0.9995	1.0162	0.8586
3169	1.0495099441856144	YGR294W	YBR182C	YMR195W	1.0065	0.9792	1.0497	1.0226	1.0281	0.8523
3170	1.049509813964367	YJL091C	YGR121C	YOL013C	1.0155	0.9938	1.0528	1.1025	1.0127	0.853
3171	1.0495089945048095	YDR222W	YER053C-A	YOR190W	1.002	0.9925	1.0375	1.0266	1.0186	0.8588
3172	1.0495081949084997	YDL003W	YLR348C	YML016C	1.0175	0.9738	1.0368	0.9998	1.0207	0.853
3173	1.0495081450343131	YBR211C	YIR007W	YMR303C	1.0165	0.9990000000000001	1.0382	0.9856	1.0502	0.8563
3174	1.0495073940306905	YER174C	YKL196C	YBR201W	1.0065	0.9744	1.038	1.0165	1.0344	0.858
3175	1.0495071942061185	YGL143C	YMR096W	YOL013C	1.0075	0.983	1.0528	1.0228	1.0287	0.8547
3176	1.0495070692300796	YOR393W	YOL031C	YOR215C	0.993	0.998	1.0445	1.011	1.0425	0.8577
3177	1.0495058447867631	YJL203W	YGR206W	YGL082W	0.9975	0.9995	1.0415	0.9898	1.0205	0.857
3178	1.0495049444288016	YKR095W	YGL238W	YNL020C	1.011	0.9659	1.0435	1.0226	1.0138	0.8523
3179	1.0495047464221714	YGR274C	YBL024W	YCR019W	1.016	0.9983	1.0535	0.956	1.0221	0.8558
3180	1.0495047214180229	YDR180W	YPR037C	YCL027W	1.011	0.996	1.0585	0.9578	1.0138	0.856
3181	1.0495037450045348	YHR155W	YIL045W	YOR296W	0.9985	0.9975	1.043	0.9895	1.0126	0.8571
3182	1.0495032947212457	YPR169W	YHR046C	YCL035C	1.0125	0.9888	1.035	1.0171	1.0361	0.8589
3183	1.0495012698024513	YLR409C	YOR334W	YDR266C	1.0145	0.9667	1.042	1.0174	1.0253	0.8539
3184	1.0495000951886178	YDR141C	YGR249W	YLR023C	1.0155	0.9875	1.0582	0.9893	1.0255	0.8590000000000001
3185	1.0494993198364977	YNL045W	YFL061W	YFR032C	1.0190000000000001	0.9705	1.0373	1.0133	1.0132	0.8569
3186	1.0494982942938804	YER147C	YIL158W	YGL224C	0.9965	1.0005	1.0415	0.9964	1.0474	0.8549
3187	1.0494953446537256	YJL010C	YPR017C	YER187W	1.016	0.9692	1.0393	1.02	1.0133	0.8537
3188	1.0494947947859763	YDR141C	YOR127W	YGL224C	1.0155	0.9835	1.0415	0.9995	1.0163	0.8566
3189	1.0494947947859763	YDR141C	YDR502C	YJL016W	1.0155	0.9843	1.0408	0.9990000000000001	1.0166	0.8604
3190	1.0494947696328163	YGL143C	YMR096W	YLR228C	1.0075	0.983	1.04	1.0119	1.0279	0.8547
3191	1.0494930452257394	YGR274C	YOR008C-A	YDR466W	1.016	0.998	1.048	0.977	1.0489	0.8607
3192	1.0494929689317942	YPR106W	YJL203W	YLL017W	1.0075	0.9975	1.036	1.0257	1.0499	0.8551
3193	1.0494925691634418	YGL200C	YML112W	YCL064C	0.998	0.9963	1.053	1.0201	1.0423	0.8583
3194	1.049490044862032	YBR211C	YIR007W	YMR315W	1.0165	0.9990000000000001	1.045	0.9893	1.0505	0.8563
3195	1.0494892947673795	YKL078W	YLR214W	YCR061W	1.0125	0.9852	1.0415	0.9990000000000001	1.0208	0.8594
3196	1.0494892947673795	YDR141C	YHL002W	YGL224C	1.0155	0.9832	1.0415	0.9995	1.0202	0.8528
3197	1.0494892947673795	YDR141C	YDR502C	YGL224C	1.0155	0.9843	1.0415	0.9995	1.0207	0.8604
3198	1.0494864455610515	YGR274C	YPL273W	YNL020C	1.016	0.995	1.0435	0.9681	1.0473	0.8595
3199	1.0494861692786217	YER053C-A	YDR105C	YNL042W	0.9925	0.9997	1.04	0.9917	1.0399	0.8567
3200	1.049485395267606	YDR534C	YPL016W	YDR214W	1.0005	1.0005	1.034	1.0187	1.0299	0.8537
3201	1.049485244229436	YBR218C	YNL146C-A	YCL002C	0.9948	0.996	1.0495	1.0146	1.0345	0.8578
3202	1.0494846697598694	YPR004C	YGL238W	YCR020C	1.0175	0.9659	1.0395	1.0173	1.0188	0.8602
3203	1.0494842698127032	YNL146C-A	YBR218C	YDL130W-A	0.996	0.9948	1.0362	1.0275	1.0253	0.8578